9.049999999999869033e+03 1.542034015168083569e-02
9.046370967741804634e+03 9.175699007467992552e-02
9.042741935483740235e+03 6.051395221953882742e-02
9.039112903225675836e+03 3.443030872712858625e-02
9.035483870967611438e+03 1.811847853205130962e-02
9.031854838709547039e+03 8.113831545121099470e-03
9.028225806451482640e+03 3.167827995237982100e-03
9.024596774193418241e+03 9.946202741042478590e-04
9.020967741935353843e+03 5.319437742496678501e-04
9.017338709677289444e+03 1.144459763318546298e-04
9.013709677419225045e+03 2.495174585452737356e-04
9.010080645161160646e+03 9.150113428585719081e-05
9.006451612903096247e+03 1.646988001545647182e-04
9.002822580645031849e+03 1.152520442464444129e-04
8.999193548386967450e+03 3.986092279245906508e-05
8.995564516128903051e+03 -2.848926025878407596e-04
8.991935483870838652e+03 -1.316111169366445961e-04
8.988306451612774254e+03 -2.033003768954763440e-04
8.984677419354709855e+03 -5.015336195737765852e-04
8.981048387096645456e+03 -4.726102604079061116e-04
8.977419354838581057e+03 -6.294120801954742684e-04
8.973790322580516658e+03 -5.798583528080718643e-04
8.970161290322452260e+03 -6.605094455867530296e-04
8.966532258064387861e+03 -7.299955252803722516e-04
8.962903225806323462e+03 -8.595433892908651077e-04
8.959274193548259063e+03 -9.575692435529292550e-04
8.955645161290194665e+03 -9.214128835556057752e-04
8.952016129032130266e+03 -7.826676333668444513e-04
8.948387096774065867e+03 -9.041440130315119136e-04
8.944758064516001468e+03 -9.740039526426218838e-04
8.941129032257937070e+03 -8.655748518903828110e-04
8.937499999999872671e+03 -9.544108836141277676e-04
8.933870967741808272e+03 -9.228067543462502602e-04
8.930241935483743873e+03 -1.035249986871546960e-03
8.926612903225679474e+03 -9.750023531159207136e-04
8.922983870967615076e+03 -9.371733481698237217e-04
8.919354838709550677e+03 -8.757155320223199710e-04
8.915725806451486278e+03 -1.065643933747547180e-03
8.912096774193421879e+03 -9.847551265704614955e-04
8.908467741935357481e+03 -9.407412251858766027e-04
8.904838709677293082e+03 -1.050275697890696658e-03
8.901209677419228683e+03 -9.914500284455261565e-04
8.897580645161164284e+03 -1.140750878443439788e-03
8.893951612903099885e+03 -9.754259169530778454e-04
8.890322580645035487e+03 -1.043941689693209498e-03
8.886693548386971088e+03 -9.164630214688285160e-04
8.883064516128906689e+03 -7.322203159454397387e-04
8.879435483870842290e+03 -1.404117901995757247e-03
8.875806451612777892e+03 -1.271998400402524817e-03
8.872177419354713493e+03 -1.223814772365926576e-03
8.868548387096649094e+03 -1.128817615643534257e-03
8.864919354838584695e+03 -1.277705707004218264e-03
8.861290322580520296e+03 -1.154344900472198615e-03
8.857661290322455898e+03 -9.869691120356015833e-04
8.854032258064391499e+03 -1.031790161854768831e-03
8.850403225806327100e+03 -1.127321095453578557e-03
8.846774193548262701e+03 -1.024296755705063474e-03
8.843145161290198303e+03 -1.070431717835412149e-03
8.839516129032133904e+03 -1.094984373630618216e-03
8.835887096774069505e+03 -1.328306458264592958e-03
8.832258064516005106e+03 -1.255695514751947479e-03
8.828629032257940707e+03 -1.285329856073045987e-03
8.824999999999876309e+03 -1.105706373518653644e-03
8.821370967741811910e+03 -1.201880216513148344e-03
8.817741935483747511e+03 -1.156122355860268649e-03
8.814112903225683112e+03 -1.044771529047639792e-03
8.810483870967618714e+03 -8.809603760671173020e-04
8.806854838709554315e+03 -8.848653753209074699e-04
8.803225806451489916e+03 -9.600911772160024456e-04
8.799596774193425517e+03 -7.406408082489226346e-04
8.795967741935361119e+03 -6.595715542330480912e-04
8.792338709677296720e+03 -8.329150545895908130e-04
8.788709677419232321e+03 -9.763162654271019232e-04
8.785080645161167922e+03 -1.198959570972751160e-03
8.781451612903103523e+03 -1.144520812698136434e-03
8.777822580645039125e+03 -1.081950060958102641e-03
8.774193548386974726e+03 -1.444508819844659122e-03
8.770564516128910327e+03 -1.452435514511456194e-03
8.766935483870845928e+03 -1.321081021073089229e-03
8.763306451612781530e+03 -1.210691857054005741e-03
8.759677419354717131e+03 -1.116148518728567445e-03
8.756048387096652732e+03 -1.198889337173222576e-03
8.752419354838588333e+03 -1.071986586104976217e-03
8.748790322580523934e+03 -1.151772182369466442e-03
8.745161290322459536e+03 -1.154436744671582214e-03
8.741532258064395137e+03 -9.012201259311367150e-04
8.737903225806330738e+03 -7.078794420688122374e-04
8.734274193548266339e+03 -1.882260424766531593e-04
8.730645161290201941e+03 -1.318034494953536969e-04
8.727016129032137542e+03 1.663984581031568370e-04
8.723387096774073143e+03 1.023798095728410467e-04
8.719758064516008744e+03 9.587399869650714752e-05
8.716129032257944345e+03 -1.912309685764845032e-04
8.712499999999879947e+03 -1.186643263835416543e-04
8.708870967741815548e+03 -5.945555857494261515e-04
8.705241935483751149e+03 -6.967111874237720635e-04
8.701612903225686750e+03 -9.872057459140131785e-04
8.697983870967622352e+03 -1.003484860124750086e-03
8.694354838709557953e+03 -1.052943501752790553e-03
8.690725806451493554e+03 -1.260782602877803674e-03
8.687096774193429155e+03 -1.350288556997052266e-03
8.683467741935364757e+03 -1.337654036721853392e-03
8.679838709677300358e+03 -1.154680942189943195e-03
8.676209677419235959e+03 -1.259699921845070522e-03
8.672580645161171560e+03 -1.306629066170088629e-03
8.668951612903107161e+03 -1.145862818529129121e-03
8.665322580645042763e+03 -1.056957633525848397e-03
8.661693548386978364e+03 -9.224620684685636961e-04
8.658064516128913965e+03 -8.353148894934834048e-04
8.654435483870849566e+03 -4.994374107878460497e-04
8.650806451612785168e+03 -3.764774771731358642e-04
8.647177419354720769e+03 -3.897938055637585348e-04
8.643548387096656370e+03 -2.991965262518348065e-04
8.639919354838591971e+03 2.985925155758888160e-04
8.636290322580527572e+03 6.885294900386865029e-04
8.632661290322463174e+03 1.844144541762360052e-03
8.629032258064398775e+03 3.714685646687549987e-03
8.625403225806334376e+03 6.755347784239051391e-03
8.621774193548269977e+03 8.469259952575513076e-03
8.618145161290205579e+03 9.466636092921263193e-03
8.614516129032141180e+03 8.919727657032036974e-03
8.610887096774076781e+03 6.753712957490024156e-03
8.607258064516012382e+03 4.184015988657470257e-03
8.603629032257947983e+03 2.538915655539153438e-03
8.599999999999883585e+03 1.170528928923573802e-03
8.596370967741819186e+03 3.026498681486564741e-04
8.592741935483754787e+03 -6.689013041104280950e-05
8.589112903225690388e+03 -1.768589721529473420e-04
8.585483870967625990e+03 -2.487038269907347566e-04
8.581854838709561591e+03 -3.333182671028144580e-04
8.578225806451497192e+03 -2.203499018610423083e-04
8.574596774193432793e+03 -2.215698089328544502e-04
8.570967741935368394e+03 -2.360142001959057180e-04
8.567338709677303996e+03 -2.537682241967432291e-04
8.563709677419239597e+03 -1.587980804741695169e-04
8.560080645161175198e+03 3.722985661011841507e-05
8.556451612903110799e+03 -1.205379480509661703e-04
8.552822580645046401e+03 -3.625198601668174424e-05
8.549193548386982002e+03 -5.200164543097223727e-05
8.545564516128917603e+03 -9.339636635313666811e-05
8.541935483870853204e+03 -1.212046288864914942e-04
8.538306451612788806e+03 -3.016644339152705669e-04
8.534677419354724407e+03 -4.662308703707236678e-04
8.531048387096660008e+03 -1.708696498331468267e-04
8.527419354838595609e+03 -1.974164052749687308e-05
8.523790322580531210e+03 3.024996758696645071e-04
8.520161290322466812e+03 7.919309312646704560e-04
8.516532258064402413e+03 1.450653737043415114e-03
8.512903225806338014e+03 2.532741564300593044e-03
8.509274193548273615e+03 3.463806192691417773e-03
8.505645161290209217e+03 4.441560089968870674e-03
8.502016129032144818e+03 5.478535127008838865e-03
8.498387096774080419e+03 7.006314760354596591e-03
8.494758064516016020e+03 1.018708684484570005e-02
8.491129032257951621e+03 1.878499296749775588e-02
8.487499999999887223e+03 3.447136740633300472e-02
8.483870967741822824e+03 5.230638286374687806e-02
8.480241935483758425e+03 6.463439203260301635e-02
8.476612903225694026e+03 6.854053879862549714e-02
8.472983870967629628e+03 5.953915246392154498e-02
8.469354838709565229e+03 4.141666898451711737e-02
8.465725806451500830e+03 2.486818546166822200e-02
8.462096774193436431e+03 1.416930437939761291e-02
8.458467741935372032e+03 7.522854101327656161e-03
8.454838709677307634e+03 3.674651300436255000e-03
8.451209677419243235e+03 2.385804892046811468e-03
8.447580645161178836e+03 1.796303438563462852e-03
8.443951612903114437e+03 1.773695718755202754e-03
8.440322580645050039e+03 2.088303161403601543e-03
8.436693548386985640e+03 1.608708960022570697e-03
8.433064516128921241e+03 2.431117578462679233e-03
8.429435483870856842e+03 3.573973850111988003e-03
8.425806451612792443e+03 5.052097106671031568e-03
8.422177419354728045e+03 7.018936314389882108e-03
8.418548387096663646e+03 9.828835038650235098e-03
8.414919354838599247e+03 1.308321322556730421e-02
8.411290322580534848e+03 1.700117007511052492e-02
8.407661290322470450e+03 2.119275456605719879e-02
8.404032258064406051e+03 2.787623858635858778e-02
8.400403225806341652e+03 4.292902311444640739e-02
8.396774193548277253e+03 7.686236990209052711e-02
8.393145161290212855e+03 1.271968324128526784e-01
8.389516129032148456e+03 1.730055596249109040e-01
8.385887096774084057e+03 2.056732123060502071e-01
8.382258064516019658e+03 2.235189540854320700e-01
8.378629032257955259e+03 2.224096447179975955e-01
8.374999999999890861e+03 2.084512832334041721e-01
8.371370967741826462e+03 1.955379455792766730e-01
8.367741935483762063e+03 1.773738469528715611e-01
8.364112903225697664e+03 1.404086918084965219e-01
8.360483870967633266e+03 9.276629947782558117e-02
8.356854838709568867e+03 5.411476705608925936e-02
8.353225806451504468e+03 3.014036125968211355e-02
8.349596774193440069e+03 1.478925488627659199e-02
8.345967741935375670e+03 7.138441825587777539e-03
8.342338709677311272e+03 4.402390159711773270e-03
8.338709677419246873e+03 3.603516347233702913e-03
8.335080645161182474e+03 3.097261395551614924e-03
8.331451612903118075e+03 2.265941728731316225e-03
8.327822580645053677e+03 9.656893512984282167e-04
8.324193548386989278e+03 4.332555612320493441e-04
8.320564516128924879e+03 2.093826239346531384e-04
8.316935483870860480e+03 -1.527342022748694259e-04
8.313306451612796081e+03 -2.522295637270704767e-04
8.309677419354731683e+03 -2.605052663515251051e-04
8.306048387096667284e+03 -8.146094251324555993e-05
8.302419354838602885e+03 1.091924881271153007e-04
8.298790322580538486e+03 1.575475406605629600e-03
8.295161290322474088e+03 1.359904644672510412e-04
8.291532258064409689e+03 4.515547075692280017e-05
8.287903225806345290e+03 4.482699267912749775e-05
8.284274193548280891e+03 2.084652624608103455e-04
8.280645161290216492e+03 1.730285287786567498e-04
8.277016129032152094e+03 8.642479733392885704e-04
8.273387096774087695e+03 1.614972734420529058e-03
8.269758064516023296e+03 2.556921440698301396e-03
8.266129032257958897e+03 3.519886260835016194e-03
8.262499999999894499e+03 4.841539417244264919e-03
8.258870967741830100e+03 6.664919066045995981e-03
8.255241935483765701e+03 8.579699901034255546e-03
8.251612903225701302e+03 1.151279519278773124e-02
8.247983870967636904e+03 1.730796427769136850e-02
8.244354838709572505e+03 3.303278037630860003e-02
8.240725806451508106e+03 6.230867323657290902e-02
8.237096774193443707e+03 9.386478095441273817e-02
8.233467741935379308e+03 1.163840558791865154e-01
8.229838709677314910e+03 1.244381157596087945e-01
8.226209677419250511e+03 1.097918974086721511e-01
8.222580645161186112e+03 7.633637493066093571e-02
8.218951612903121713e+03 4.565966677775870619e-02
8.215322580645057315e+03 2.464855788742233156e-02
8.211693548386992916e+03 1.083215079739612008e-02
8.208064516128928517e+03 3.333184291808133533e-03
8.204435483870864118e+03 8.194355676800631986e-04
8.200806451612799719e+03 2.162633752484704932e-04
8.197177419354735321e+03 -3.573225590017010261e-05
8.193548387096670922e+03 -8.616336552168355357e-05
8.189919354838606523e+03 -4.647370514807499533e-05
8.186290322580542124e+03 -1.693720491231985278e-04
8.182661290322477726e+03 -2.602378376533200817e-05
8.179032258064413327e+03 -1.340282401604212111e-04
8.175403225806348928e+03 -1.360034307071640179e-04
8.171774193548284529e+03 9.109593928857680309e-05
8.168145161290220130e+03 8.292990944338605891e-07
8.164516129032155732e+03 2.271739258752404305e-05
8.160887096774091333e+03 4.473077237377331874e-04
8.157258064516026934e+03 6.885921601982658092e-04
8.153629032257962535e+03 8.644727214977801673e-04
8.149999999999898137e+03 1.122566807485488819e-03
8.146370967741833738e+03 1.588355204919182162e-03
8.142741935483769339e+03 2.175923608135505241e-03
8.139112903225704940e+03 2.430171042949031985e-03
8.135483870967640541e+03 3.025853070790897673e-03
8.131854838709576143e+03 4.031171033083344284e-03
8.128225806451511744e+03 5.755367590710778851e-03
8.124596774193447345e+03 8.197476758799683225e-03
8.120967741935382946e+03 1.185231618490891273e-02
8.117338709677318548e+03 1.707895778990842564e-02
8.113709677419254149e+03 2.472378044775744646e-02
8.110080645161189750e+03 3.520456073053191554e-02
8.106451612903125351e+03 5.116087175447538854e-02
8.102822580645060953e+03 8.467143159883720738e-02
8.099193548386996554e+03 1.646740989272705014e-01
8.095564516128932155e+03 2.872081715193189888e-01
8.091935483870867756e+03 4.077724280710685600e-01
8.088306451612803357e+03 5.014866855671116230e-01
8.084677419354738959e+03 5.496295445038634764e-01
8.081048387096674560e+03 5.079197720453335618e-01
8.077419354838610161e+03 4.061598503092119228e-01
8.073790322580545762e+03 3.095176764537406755e-01
8.070161290322481364e+03 2.141616336599171111e-01
8.066532258064416965e+03 1.235830311360680001e-01
8.062903225806352566e+03 6.428319710248017738e-02
8.059274193548288167e+03 3.218039273066970740e-02
8.055645161290223768e+03 1.416565006078213985e-02
8.052016129032159370e+03 5.620454944936293697e-03
8.048387096774094971e+03 3.153897931491478693e-03
8.044758064516030572e+03 2.268332919475266832e-03
8.041129032257966173e+03 2.040457736124733513e-03
8.037499999999901775e+03 2.342880154814916405e-03
8.033870967741837376e+03 2.515344111897362556e-03
8.030241935483772977e+03 3.009966185337528514e-03
8.026612903225708578e+03 3.463249724895152860e-03
8.022983870967644179e+03 4.334163966329697935e-03
8.019354838709579781e+03 5.489787662213314011e-03
8.015725806451515382e+03 7.327390195679583246e-03
8.012096774193450983e+03 1.036687240539900350e-02
8.008467741935386584e+03 1.567887725086557216e-02
8.004838709677322186e+03 2.812673877783726864e-02
8.001209677419257787e+03 5.581326776776916049e-02
7.997580645161193388e+03 9.546371823188089245e-02
7.993951612903128989e+03 1.358502859072918956e-01
7.990322580645064590e+03 1.713652362706805377e-01
7.986693548387000192e+03 1.852290576585085002e-01
7.983064516128935793e+03 1.676795069390186188e-01
7.979435483870871394e+03 1.332453942412555603e-01
7.975806451612806995e+03 9.445103976739784024e-02
7.972177419354742597e+03 5.646400228924151887e-02
7.968548387096678198e+03 2.953201877908522358e-02
7.964919354838613799e+03 1.474893852430718931e-02
7.961290322580549400e+03 7.234097018985753171e-03
7.957661290322485002e+03 4.760214079990109613e-03
7.954032258064420603e+03 4.996623210243364768e-03
7.950403225806356204e+03 7.194003244134857325e-03
7.946774193548291805e+03 1.105464931326274186e-02
7.943145161290227406e+03 1.851908131936251881e-02
7.939516129032163008e+03 3.816930121131299064e-02
7.935887096774098609e+03 7.841519598886818876e-02
7.932258064516034210e+03 1.261299799174932235e-01
7.928629032257969811e+03 1.621889180712306755e-01
7.924999999999905413e+03 1.793118578871839008e-01
7.921370967741841014e+03 1.660023562218754245e-01
7.917741935483776615e+03 1.203707716184682364e-01
7.914112903225712216e+03 7.278127830508225593e-02
7.910483870967647817e+03 4.073057876836205793e-02
7.906854838709583419e+03 1.879698673941725823e-02
7.903225806451519020e+03 6.180961724934250223e-03
7.899596774193454621e+03 1.771839385407662044e-03
7.895967741935390222e+03 7.737382161467773944e-04
7.892338709677325824e+03 4.954913517743313742e-04
7.888709677419261425e+03 4.489220206068982228e-04
7.885080645161197026e+03 3.988734150628175045e-04
7.881451612903132627e+03 4.427641371682290911e-04
7.877822580645068228e+03 7.253103905918181727e-04
7.874193548387003830e+03 1.011494754830988881e-03
7.870564516128939431e+03 9.693015296341838359e-04
7.866935483870875032e+03 1.057375794763041775e-03
7.863306451612810633e+03 7.131837147132107525e-04
7.859677419354746235e+03 4.745876119946343874e-04
7.856048387096681836e+03 2.574247038522014240e-04
7.852419354838617437e+03 1.509924040465601192e-04
7.848790322580553038e+03 1.085279683315754730e-04
7.845161290322488640e+03 4.808908253723281266e-05
7.841532258064424241e+03 7.428304820142258300e-05
7.837903225806359842e+03 -1.068520818228237845e-04
7.834274193548295443e+03 -3.790253433160349541e-04
7.830645161290231044e+03 -5.591858443068229356e-04
7.827016129032166646e+03 -5.566368976439310841e-04
7.823387096774102247e+03 -5.521149214742818948e-04
7.819758064516037848e+03 -5.971661220519046019e-04
7.816129032257973449e+03 -5.974708286898594740e-04
7.812499999999909051e+03 -3.952309821672649937e-04
7.808870967741844652e+03 -4.279005041479917379e-04
7.805241935483780253e+03 -2.886625368425374603e-04
7.801612903225715854e+03 -2.831065030398287959e-04
7.797983870967651455e+03 4.417932359287456839e-03
7.794354838709587057e+03 9.031315657983073454e-04
7.790725806451522658e+03 -4.080513518812164801e-04
7.787096774193458259e+03 -3.574700499807110621e-04
7.783467741935393860e+03 -1.548757929004953530e-04
7.779838709677329462e+03 -2.556564328840698236e-05
7.776209677419265063e+03 1.783252377831059607e-04
7.772580645161200664e+03 3.910255983554909460e-04
7.768951612903136265e+03 3.833074440472941007e-04
7.765322580645071866e+03 5.274109928800912615e-04
7.761693548387007468e+03 5.360194956623121846e-04
7.758064516128943069e+03 7.080685330675431889e-04
7.754435483870878670e+03 9.180254533783416444e-04
7.750806451612814271e+03 9.281672140302716202e-04
7.747177419354749873e+03 1.280478321305608680e-03
7.743548387096685474e+03 1.570507175678975773e-03
7.739919354838621075e+03 2.149931699709959568e-03
7.736290322580556676e+03 3.447473052481043326e-03
7.732661290322492277e+03 5.747306911564880640e-03
7.729032258064427879e+03 1.018401276546633191e-02
7.725403225806363480e+03 1.985797849433602880e-02
7.721774193548299081e+03 4.669007117272278018e-02
7.718145161290234682e+03 1.003156246981955768e-01
7.714516129032170284e+03 1.601043821427818037e-01
7.710887096774105885e+03 2.034912653392151050e-01
7.707258064516041486e+03 2.234695862074834172e-01
7.703629032257977087e+03 2.028856284806800636e-01
7.699999999999912689e+03 1.440105317289614717e-01
7.696370967741848290e+03 8.638055382204581911e-02
7.692741935483783891e+03 4.756716166643586846e-02
7.689112903225719492e+03 2.121426123599284841e-02
7.685483870967655093e+03 7.990309741110160346e-03
7.681854838709590695e+03 4.072517130605835499e-03
7.678225806451526296e+03 3.282865556265866097e-03
7.674596774193461897e+03 3.001081069437163979e-03
7.670967741935397498e+03 3.542562053402819461e-03
7.667338709677333100e+03 3.784827602016766889e-03
7.663709677419268701e+03 4.459096929451165404e-03
7.660080645161204302e+03 4.799543927206132918e-03
7.656451612903139903e+03 5.560047394221740574e-03
7.652822580645075504e+03 6.807758406487278424e-03
7.649193548387011106e+03 9.101589977011402544e-03
7.645564516128946707e+03 1.371213096786609749e-02
7.641935483870882308e+03 2.384955333202513558e-02
7.638306451612817909e+03 5.052274474027840939e-02
7.634677419354753511e+03 1.284237952802174676e-01
7.631048387096689112e+03 2.750197428426059965e-01
7.627419354838624713e+03 4.265424434106868112e-01
7.623790322580560314e+03 5.351194846382529846e-01
7.620161290322495915e+03 5.786899708723739488e-01
7.616532258064431517e+03 5.092309808954929018e-01
7.612903225806367118e+03 3.493230367471326647e-01
7.609274193548302719e+03 2.063244503498391780e-01
7.605645161290238320e+03 1.104954801629898092e-01
7.602016129032173922e+03 4.567373622858427601e-02
7.598387096774109523e+03 1.445741963286382298e-02
7.594758064516045124e+03 5.542169110421736426e-03
7.591129032257980725e+03 3.648422758132297081e-03
7.587499999999916326e+03 3.146066322584043125e-03
7.583870967741851928e+03 2.951450625130276530e-03
7.580241935483787529e+03 2.710041928870577949e-03
7.576612903225723130e+03 2.652911595294028899e-03
7.572983870967658731e+03 2.593702341251433174e-03
7.569354838709594333e+03 2.444049241735883702e-03
7.565725806451529934e+03 2.555590240067236001e-03
7.562096774193465535e+03 2.575499901453605096e-03
7.558467741935401136e+03 2.996415384108479501e-03
7.554838709677336738e+03 3.194217535020859276e-03
7.551209677419272339e+03 3.455857887624765468e-03
7.547580645161207940e+03 3.917984402803036809e-03
7.543951612903143541e+03 4.545771921189415213e-03
7.540322580645079142e+03 5.561906969129258756e-03
7.536693548387014744e+03 6.847941864497573104e-03
7.533064516128950345e+03 8.678330846492257958e-03
7.529435483870885946e+03 1.123729717127683499e-02
7.525806451612821547e+03 1.595888212126621644e-02
7.522177419354757149e+03 2.594787453454149712e-02
7.518548387096692750e+03 5.611583173457839607e-02
7.514919354838628351e+03 1.311310165116469639e-01
7.511290322580563952e+03 2.403412208445633858e-01
7.507661290322499553e+03 3.937842172216754477e-01
7.504032258064435155e+03 6.343408532332930339e-01
7.500403225806370756e+03 8.658084338400749980e-01
7.496774193548306357e+03 9.816402807925478369e-01
7.493145161290241958e+03 1.000000000000000000e+00
7.489516129032177560e+03 8.915029485869769843e-01
7.485887096774113161e+03 6.300460131713193634e-01
7.482258064516048762e+03 3.696966075066681068e-01
7.478629032257984363e+03 2.000563819654295750e-01
7.474999999999919964e+03 8.884902119483781280e-02
7.471370967741855566e+03 2.949666848700249061e-02
7.467741935483791167e+03 1.114796734191640312e-02
7.464112903225726768e+03 6.762130208233528388e-03
7.460483870967662369e+03 5.055409980968796069e-03
7.456854838709597971e+03 4.126168189805736602e-03
7.453225806451533572e+03 3.323685440551888640e-03
7.449596774193469173e+03 2.732960838436749272e-03
7.445967741935404774e+03 2.427927883444088147e-03
7.442338709677340375e+03 2.338421929324839554e-03
7.438709677419275977e+03 2.842643342380575880e-03
7.435080645161211578e+03 3.375318088405337719e-03
7.431451612903147179e+03 3.885984803217814188e-03
7.427822580645082780e+03 4.142447304016473944e-03
7.424193548387018382e+03 4.024758146926386664e-03
7.420564516128953983e+03 3.247019305506461135e-03
7.416935483870889584e+03 2.623487955371516141e-03
7.413306451612825185e+03 2.292352878914048417e-03
7.409677419354760787e+03 1.918141792425700739e-03
7.406048387096696388e+03 1.651697447934037883e-03
7.402419354838631989e+03 2.096369243149463074e-03
7.398790322580567590e+03 2.788267254265540569e-03
7.395161290322503191e+03 5.384267321281551583e-03
7.391532258064438793e+03 1.533509900997296303e-02
7.387903225806374394e+03 4.509989150979584055e-02
7.384274193548309995e+03 8.909879419636136666e-02
7.380645161290245596e+03 1.267188924875805311e-01
7.377016129032181198e+03 1.516506195482022756e-01
7.373387096774116799e+03 1.554031509478958073e-01
7.369758064516052400e+03 1.248539744086976100e-01
7.366129032257988001e+03 8.074964754747966655e-02
7.362499999999923602e+03 4.876735789254032366e-02
7.358870967741859204e+03 2.534305238808098187e-02
7.355241935483794805e+03 1.098809900638941794e-02
7.351612903225730406e+03 5.575262196239621007e-03
7.347983870967666007e+03 3.950785748222879548e-03
7.344354838709601609e+03 3.117817207893647333e-03
7.340725806451537210e+03 2.243997448198603410e-03
7.337096774193472811e+03 1.168237146018955746e-03
7.333467741935408412e+03 1.920532442909655209e-04
7.329838709677344013e+03 -4.400477099064613578e-04
7.326209677419279615e+03 -7.284017582910694158e-04
7.322580645161215216e+03 -6.593835437543099556e-04
7.318951612903150817e+03 -4.049589036619725296e-04
7.315322580645086418e+03 1.689917060857513184e-04
7.311693548387022020e+03 7.608130359935293867e-04
7.308064516128957621e+03 1.001533441017847656e-03
7.304435483870893222e+03 1.132510832978745859e-03
7.300806451612828823e+03 6.881232145214133400e-04
7.297177419354764424e+03 3.961456423411258826e-05
7.293548387096700026e+03 -3.295612990880306798e-04
7.289919354838635627e+03 -4.657802935337478751e-04
7.286290322580571228e+03 -8.342856942003911672e-05
7.282661290322506829e+03 2.040415595845015972e-03
7.279032258064442431e+03 8.228047910954494615e-03
7.275403225806378032e+03 1.765733637058642877e-02
7.271774193548313633e+03 2.552697093760654401e-02
7.268145161290249234e+03 3.061106818412279509e-02
7.264516129032184836e+03 3.103954082360694741e-02
7.260887096774120437e+03 2.390502938949278997e-02
7.257258064516056038e+03 1.461637492899693809e-02
7.253629032257991639e+03 8.005334371609315602e-03
7.249999999999927240e+03 4.565289353818417425e-03
7.246370967741862842e+03 3.017775103325116143e-03
7.242741935483798443e+03 3.043903157269748153e-03
7.239112903225734044e+03 3.152032953983995890e-03
7.235483870967669645e+03 2.778869971888613642e-03
7.231854838709605247e+03 1.525882780498488429e-03
7.228225806451540848e+03 2.545235076716738398e-04
7.224596774193476449e+03 -6.464270285212722405e-04
7.220967741935412050e+03 -1.079107212857183425e-03
7.217338709677347651e+03 -1.241897274444559362e-03
7.213709677419283253e+03 -8.503676135124516554e-04
7.210080645161218854e+03 -2.356019818186724679e-05
7.206451612903154455e+03 6.197630366602373004e-04
7.202822580645090056e+03 1.040583433555749768e-03
7.199193548387025658e+03 9.658914085370720907e-04
7.195564516128961259e+03 3.919764559491089153e-04
7.191935483870896860e+03 -5.817589874753150954e-04
7.188306451612832461e+03 -9.676829106850477541e-04
7.184677419354768062e+03 -1.339458505109741978e-03
7.181048387096703664e+03 -1.473289550371486905e-03
7.177419354838639265e+03 -1.109045180296243990e-03
7.173790322580574866e+03 -7.675619638682315863e-04
7.170161290322510467e+03 -4.394080420707547219e-04
7.166532258064446069e+03 -4.805293914347540151e-04
7.162903225806381670e+03 -3.944594908924431214e-04
7.159274193548317271e+03 -1.005753411849523931e-04
7.155645161290252872e+03 1.491228343291084186e-03
7.152016129032188474e+03 4.135486594223193070e-03
7.148387096774124075e+03 6.532772551452944998e-03
7.144758064516059676e+03 8.145975934385350087e-03
7.141129032257995277e+03 8.503970576822540706e-03
7.137499999999930878e+03 6.511579232315192235e-03
7.133870967741866480e+03 3.259653825781660009e-03
7.130241935483802081e+03 3.201042099295053379e-03
7.126612903225737682e+03 5.294953159461015819e-04
7.122983870967673283e+03 -6.392696640893114632e-04
7.119354838709608885e+03 -8.266890983913785127e-04
7.115725806451544486e+03 -8.350620478151804396e-04
7.112096774193480087e+03 -8.716841119293782664e-04
7.108467741935415688e+03 -1.019850415934906839e-03
7.104838709677351289e+03 -9.786210145716327941e-04
7.101209677419286891e+03 -1.087849700118505162e-03
7.097580645161222492e+03 -1.259884690763830428e-03
7.093951612903158093e+03 -1.339636790908545422e-03
7.090322580645093694e+03 -1.228889974771862556e-03
7.086693548387029296e+03 -9.286361597071240894e-04
7.083064516128964897e+03 2.394632200127563935e-04
7.079435483870900498e+03 7.145303127541725863e-03
7.075806451612836099e+03 2.628876778705347209e-02
7.072177419354771700e+03 5.030218143571880268e-02
7.068548387096707302e+03 6.871709684596045975e-02
7.064919354838642903e+03 8.054092133944061593e-02
7.061290322580578504e+03 7.659544796776207587e-02
7.057661290322514105e+03 5.482136230014669070e-02
7.054032258064449707e+03 3.145169761120061164e-02
7.050403225806385308e+03 1.602065977133157459e-02
7.046774193548320909e+03 6.045828653081244085e-03
7.043145161290256510e+03 3.317257427115032683e-03
7.039516129032192111e+03 6.584661282544675490e-03
7.035887096774127713e+03 1.133575091145602731e-02
7.032258064516063314e+03 1.494440351047525602e-02
7.028629032257998915e+03 1.664808855708035940e-02
7.024999999999934516e+03 1.424630655616078434e-02
7.021370967741870118e+03 9.197099300210356820e-03
7.017741935483805719e+03 4.707635977143006210e-03
7.014112903225741320e+03 1.660637670354032447e-03
7.010483870967676921e+03 -3.992299866604242294e-04
7.006854838709612523e+03 -1.253377799367503577e-03
7.003225806451548124e+03 -1.374670490633404058e-03
6.999596774193483725e+03 -1.239433688861094540e-03
6.995967741935419326e+03 -1.054535107702107974e-03
6.992338709677354927e+03 -1.030334701424537747e-03
6.988709677419290529e+03 -6.401146307236402037e-04
6.985080645161226130e+03 -1.277007150828906744e-04
6.981451612903161731e+03 3.324050656309437187e-03
6.977822580645097332e+03 2.079206425662657662e-02
6.974193548387032934e+03 5.927200578143459325e-02
6.970564516128968535e+03 9.853002326990027704e-02
6.966935483870904136e+03 1.268003788223135975e-01
6.963306451612839737e+03 1.407032815377592672e-01
6.959677419354775338e+03 1.236772957002353068e-01
6.956048387096710940e+03 8.110715055332015644e-02
6.952419354838646541e+03 4.553891866856915605e-02
6.948790322580582142e+03 2.201750683236157816e-02
6.945161290322517743e+03 7.650277663032407222e-03
6.941532258064453345e+03 4.124162744699197067e-03
6.937903225806388946e+03 6.361962870479395682e-03
6.934274193548324547e+03 9.082900222696844994e-03
6.930645161290260148e+03 1.042039164115978953e-02
6.927016129032195749e+03 1.014614162024051781e-02
6.923387096774131351e+03 7.746945303663588071e-03
6.919758064516066952e+03 4.135406635743729686e-03
6.916129032258002553e+03 1.464863655468040147e-03
6.912499999999938154e+03 -4.770933378578163164e-04
6.908870967741873756e+03 -1.375353379268820725e-03
6.905241935483809357e+03 -1.843617248005899106e-03
6.901612903225744958e+03 -1.994180145355342257e-03
6.897983870967680559e+03 -1.848513084093038935e-03
6.894354838709616160e+03 -1.621250555578393265e-03
6.890725806451551762e+03 -1.329077949539414884e-03
6.887096774193487363e+03 -9.751298544750649578e-04
6.883467741935422964e+03 2.167036871455151997e-05
6.879838709677358565e+03 1.496663358854605176e-03
6.876209677419294167e+03 2.830726287380561611e-03
6.872580645161229768e+03 3.751743160358825269e-03
6.868951612903165369e+03 3.817881789114911835e-03
6.865322580645100970e+03 2.775498749511240773e-03
6.861693548387036572e+03 1.116022097889415908e-03
6.858064516128972173e+03 -2.745498652172597255e-04
6.854435483870907774e+03 -1.188703275201589971e-03
6.850806451612843375e+03 -1.759414486011056213e-03
6.847177419354778976e+03 -2.240565716701636758e-03
6.843548387096714578e+03 -2.267387464481612942e-03
6.839919354838650179e+03 -2.201711298282422059e-03
6.836290322580585780e+03 -2.123928986084485954e-03
6.832661290322521381e+03 -1.915914840720647728e-03
6.829032258064456983e+03 -2.053879955474645358e-03
6.825403225806392584e+03 -2.088979566919061531e-03
6.821774193548328185e+03 -2.177339089326004850e-03
6.818145161290263786e+03 -2.181476400378235675e-03
6.814516129032199387e+03 -2.147619386925479421e-03
6.810887096774134989e+03 -2.111856336205515747e-03
6.807258064516070590e+03 -2.299972705902905094e-03
6.803629032258006191e+03 -2.268517688394026954e-03
6.799999999999941792e+03 -2.384152776977900481e-03
6.796370967741877394e+03 -2.305471472145998423e-03
6.792741935483812995e+03 -2.224695039048158428e-03
6.789112903225748596e+03 -2.131952927550630379e-03
6.785483870967684197e+03 -2.165496590205490211e-03
6.781854838709619798e+03 -2.228831269580396762e-03
6.778225806451555400e+03 -2.039097361453863933e-03
6.774596774193491001e+03 -1.791829005273494523e-03
6.770967741935426602e+03 -1.273176167194619906e-03
6.767338709677362203e+03 1.529697016072887814e-03
6.763709677419297805e+03 2.575218966255490762e-03
6.760080645161233406e+03 4.061305655161085403e-03
6.756451612903169007e+03 5.689995050629549807e-03
6.752822580645104608e+03 5.944296511442713656e-03
6.749193548387040209e+03 4.984412253805322809e-03
6.745564516128975811e+03 2.546940677525290787e-03
6.741935483870911412e+03 6.365532368275437841e-04
6.738306451612847013e+03 -9.954231004588596013e-04
6.734677419354782614e+03 -1.512304966269620863e-03
6.731048387096718216e+03 -4.084684325984170423e-04
6.727419354838653817e+03 1.934592709315284629e-03
6.723790322580589418e+03 4.298444136409444727e-03
6.720161290322525019e+03 6.183382089718005015e-03
6.716532258064460621e+03 7.031480070985690091e-03
6.712903225806396222e+03 5.462377031037289957e-03
6.709274193548331823e+03 2.758559437584935138e-03
6.705645161290267424e+03 7.275135708570307528e-04
6.702016129032203025e+03 -5.995800037157029321e-04
6.698387096774138627e+03 -9.634580775134042683e-04
6.694758064516074228e+03 4.227593900224981666e-04
6.691129032258009829e+03 5.893901058980961609e-03
6.687499999999945430e+03 1.438267574288549372e-02
6.683870967741881032e+03 2.157752017183470553e-02
6.680241935483816633e+03 2.621645830861880216e-02
6.676612903225752234e+03 2.600443435356187757e-02
6.672983870967687835e+03 1.923815656933618515e-02
6.669354838709623436e+03 1.109296887428554666e-02
6.665725806451559038e+03 5.164351248197597208e-03
6.662096774193494639e+03 1.019905522454536868e-03
6.658467741935430240e+03 -8.763238647782368995e-04
6.654838709677365841e+03 -1.354806211086730409e-03
6.651209677419301443e+03 -1.183824727434334111e-03
6.647580645161237044e+03 -8.768576416546543066e-04
6.643951612903172645e+03 -8.442443067135504617e-04
6.640322580645108246e+03 -8.663247327653497221e-04
6.636693548387043847e+03 -1.013749800055853368e-03
6.633064516128979449e+03 -1.493684365234599623e-03
6.629435483870915050e+03 -1.531348050621806310e-03
6.625806451612850651e+03 -1.693642153532510901e-03
6.622177419354786252e+03 -1.708229173434604913e-03
6.618548387096721854e+03 -1.362838796712816710e-03
6.614919354838657455e+03 -4.352901803783932265e-04
6.611290322580593056e+03 1.991041234776409936e-03
6.607661290322528657e+03 5.022096469072391371e-03
6.604032258064464258e+03 7.459747411671219762e-03
6.600403225806399860e+03 8.477550782479865987e-03
6.596774193548335461e+03 7.518809714994801642e-03
6.593145161290271062e+03 4.929185796455994896e-03
6.589516129032206663e+03 2.305173248627999903e-03
6.585887096774142265e+03 6.740310727759977506e-04
6.582258064516077866e+03 1.663725796493305351e-03
6.578629032258013467e+03 1.167804559839859257e-02
6.574999999999949068e+03 3.634415815388310211e-02
6.571370967741884670e+03 6.327912281869939315e-02
6.567741935483820271e+03 8.368952526322762098e-02
6.564112903225755872e+03 9.239859420221356590e-02
6.560483870967691473e+03 8.223343597036068819e-02
6.556854838709627074e+03 5.485155851186401810e-02
6.553225806451562676e+03 2.949214759135283456e-02
6.549596774193498277e+03 1.254922024515139033e-02
6.545967741935433878e+03 4.170538662787928383e-03
6.542338709677369479e+03 2.842068505744434290e-03
6.538709677419305081e+03 3.121526633028750414e-03
6.535080645161240682e+03 3.396477911423315902e-03
6.531451612903176283e+03 3.011948939524220544e-03
6.527822580645111884e+03 1.745651902863428742e-03
6.524193548387047485e+03 1.231667991673216942e-03
6.520564516128983087e+03 3.185161696961640466e-03
6.516935483870918688e+03 7.243506187082600530e-03
6.513306451612854289e+03 1.121725244489137248e-02
6.509677419354789890e+03 1.407914903276272223e-02
6.506048387096725492e+03 1.386930340601117730e-02
6.502419354838661093e+03 1.015342108343165843e-02
6.498790322580596694e+03 5.390554867119350807e-03
6.495161290322532295e+03 1.981972430477278637e-03
6.491532258064467896e+03 -3.670953220761075998e-04
6.487903225806403498e+03 -1.057583254601649186e-03
6.484274193548339099e+03 -1.230612323640302343e-03
6.480645161290274700e+03 -1.316960998340742156e-03
6.477016129032210301e+03 -1.271618057365077716e-03
6.473387096774145903e+03 -1.298857966382247278e-03
6.469758064516081504e+03 -1.364362329902590962e-03
6.466129032258017105e+03 -1.517654620753714715e-03
6.462499999999952706e+03 -1.467356415091309154e-03
6.458870967741888308e+03 -1.541627037312815222e-03
6.455241935483823909e+03 -1.517590870074142593e-03
6.451612903225759510e+03 -1.822372063908493786e-03
6.447983870967695111e+03 -1.572614189664833708e-03
6.444354838709630712e+03 -1.495331077703547073e-03
6.440725806451566314e+03 -1.428352884913095412e-03
6.437096774193501915e+03 -1.312991167887387050e-03
6.433467741935437516e+03 -1.383804126132100404e-03
6.429838709677373117e+03 -7.019938496683155631e-04
6.426209677419308719e+03 1.903546668623661367e-04
6.422580645161244320e+03 1.397528891079981815e-03
6.418951612903179921e+03 5.086366878761017229e-03
6.415322580645115522e+03 1.424932336798053617e-02
6.411693548387051123e+03 2.495759741054810049e-02
6.408064516128986725e+03 3.299157150482519285e-02
6.404435483870922326e+03 3.731000039876049973e-02
6.400806451612857927e+03 3.484232828868317339e-02
6.397177419354793528e+03 2.674745500709482804e-02
6.393548387096729130e+03 2.036591905720680148e-02
6.389919354838664731e+03 1.654197609119257076e-02
6.386290322580600332e+03 1.489086374483460790e-02
6.382661290322535933e+03 1.358570148455467280e-02
6.379032258064471534e+03 9.959096045855941187e-03
6.375403225806407136e+03 4.839751156656267594e-03
6.371774193548342737e+03 1.611745221202191694e-03
6.368145161290278338e+03 -8.373559917597838027e-04
6.364516129032213939e+03 -1.654565147994790453e-03
6.360887096774149541e+03 -1.811828349819261802e-03
6.357258064516085142e+03 -2.036417671871849824e-03
6.353629032258020743e+03 -1.765914894287426385e-03
6.349999999999956344e+03 -7.208640508216614291e-04
6.346370967741891945e+03 1.848720543931646563e-03
6.342741935483827547e+03 4.639000266683679374e-03
6.339112903225763148e+03 6.877878751416640311e-03
6.335483870967698749e+03 7.737155792529293828e-03
6.331854838709634350e+03 6.448265082820147341e-03
6.328225806451569952e+03 3.633310605513727972e-03
6.324596774193505553e+03 8.227959848575085600e-04
6.320967741935441154e+03 -4.244374375712353241e-04
6.317338709677376755e+03 -4.123874786121130027e-04
6.313709677419312357e+03 4.441590884788663919e-04
6.310080645161247958e+03 1.369601771347424756e-03
6.306451612903183559e+03 1.805799048259729622e-03
6.302822580645119160e+03 1.553248029834816604e-03
6.299193548387054761e+03 5.440661280483043323e-04
6.295564516128990363e+03 -3.615274025534786660e-04
6.291935483870925964e+03 -1.348067007891963010e-03
6.288306451612861565e+03 -1.885015210488041795e-03
6.284677419354797166e+03 -1.623453735843605845e-03
6.281048387096732768e+03 2.414319274395427119e-04
6.277419354838668369e+03 3.827441149490750944e-03
6.273790322580603970e+03 7.306241177861531703e-03
6.270161290322539571e+03 9.411609531770594173e-03
6.266532258064475172e+03 9.519725281724936497e-03
6.262903225806410774e+03 7.218145302332818966e-03
6.259274193548346375e+03 3.431098852510944697e-03
6.255645161290281976e+03 6.321846944968647925e-04
6.252016129032217577e+03 -1.063234374163719680e-03
6.248387096774153179e+03 -1.663463230135067694e-03
6.244758064516088780e+03 -1.896439548371363273e-03
6.241129032258024381e+03 -1.939483142802460704e-03
6.237499999999959982e+03 -2.129595232926454786e-03
6.233870967741895583e+03 -1.942323829863394288e-03
6.230241935483831185e+03 -1.054618307741549479e-03
6.226612903225766786e+03 1.818347667195505005e-04
6.222983870967702387e+03 1.352714324380770812e-03
6.219354838709637988e+03 1.995169901668699102e-03
6.215725806451573590e+03 2.110793104532652197e-03
6.212096774193509191e+03 1.110099767809165664e-03
6.208467741935444792e+03 -2.190835324295420134e-04
6.204838709677380393e+03 -1.169075629533328133e-03
6.201209677419315994e+03 -1.663930014771934640e-03
6.197580645161251596e+03 -2.101053297318024229e-03
6.193951612903187197e+03 -1.840025599550005686e-03
6.190322580645122798e+03 -1.511761464713268655e-03
6.186693548387058399e+03 -9.062337386974859878e-04
6.183064516128994001e+03 -1.160624342410051884e-04
6.179435483870929602e+03 1.131588068904939258e-03
6.175806451612865203e+03 3.425982590345284535e-03
6.172177419354800804e+03 5.791027992031430767e-03
6.168548387096736406e+03 6.811358699103113937e-03
6.164919354838672007e+03 6.763599715423665969e-03
6.161290322580607608e+03 6.209104948665357220e-03
6.157661290322543209e+03 7.142104788363192250e-03
6.154032258064478810e+03 1.176159572631781634e-02
6.150403225806414412e+03 1.702489073051131549e-02
6.146774193548350013e+03 2.093432984095170910e-02
6.143145161290285614e+03 2.180164703133039700e-02
6.139516129032221215e+03 1.808450806399931540e-02
6.135887096774156817e+03 1.040445289074676954e-02
6.132258064516092418e+03 4.294234430517699687e-03
6.128629032258028019e+03 9.406072407067758972e-04
6.124999999999963620e+03 -7.554293451296640314e-05
6.121370967741899221e+03 1.678485159334242483e-04
6.117741935483834823e+03 3.578039306584701183e-04
6.114112903225770424e+03 1.109605970172480166e-03
6.110483870967706025e+03 2.956922378373551090e-03
6.106854838709641626e+03 7.053090470840643958e-03
6.103225806451577228e+03 1.095795033755177228e-02
6.099596774193512829e+03 1.361140165258217793e-02
6.095967741935448430e+03 1.384308026630718357e-02
6.092338709677384031e+03 1.131920058672711109e-02
6.088709677419319632e+03 7.655214558879271450e-03
6.085080645161255234e+03 6.183276198758715786e-03
6.081451612903190835e+03 6.507903303299864169e-03
6.077822580645126436e+03 7.635095276614309312e-03
6.074193548387062037e+03 8.143570696881492765e-03
6.070564516128997639e+03 6.870570114185695076e-03
6.066935483870933240e+03 4.236960387782115131e-03
6.063306451612868841e+03 1.988991488350167446e-03
6.059677419354804442e+03 9.645148260663114663e-04
6.056048387096740043e+03 5.071091027363547419e-04
6.052419354838675645e+03 7.197046528694431245e-04
6.048790322580611246e+03 1.168620730616381186e-03
6.045161290322546847e+03 2.361609888369205212e-03
6.041532258064482448e+03 4.385149382707491210e-03
6.037903225806418050e+03 6.331626191163011556e-03
6.034274193548353651e+03 7.166514815519355736e-03
6.030645161290289252e+03 7.260973873285360251e-03
6.027016129032224853e+03 5.650400476015303430e-03
6.023387096774160455e+03 3.111590171175442326e-03
6.019758064516096056e+03 1.178255727391712415e-03
6.016129032258031657e+03 -2.760161308474183713e-04
6.012499999999967258e+03 -8.909411392401278031e-04
6.008870967741902859e+03 -9.618275728443479713e-04
6.005241935483838461e+03 -1.114110658022245169e-03
6.001612903225774062e+03 -1.030167220825661811e-03
5.997983870967709663e+03 -7.250100060338343470e-04
5.994354838709645264e+03 -6.037843070074842182e-04
5.990725806451580866e+03 -5.697436051559606578e-04
5.987096774193516467e+03 -1.331919176860344822e-04
5.983467741935452068e+03 5.749268595611713899e-04
5.979838709677387669e+03 1.240412639974524094e-03
5.976209677419323270e+03 1.398990834630169360e-03
5.972580645161258872e+03 1.062064171011573976e-03
5.968951612903194473e+03 8.229613044163989729e-04
5.965322580645130074e+03 -7.868292561189121415e-05
5.961693548387065675e+03 -5.975324183294460729e-04
5.958064516129001277e+03 1.824874007951701130e-04
5.954435483870936878e+03 2.556773409459294627e-03
5.950806451612872479e+03 5.264467908645628462e-03
5.947177419354808080e+03 7.273722928679790013e-03
5.943548387096743681e+03 7.863934283798373198e-03
5.939919354838679283e+03 7.011440747200191337e-03
5.936290322580614884e+03 4.524502965652169896e-03
5.932661290322550485e+03 1.988647882992473914e-03
5.929032258064486086e+03 4.735676011214805421e-04
5.925403225806421688e+03 7.540678899388018799e-05
5.921774193548357289e+03 5.369681922159446306e-04
5.918145161290292890e+03 1.052752249714074186e-03
5.914516129032228491e+03 1.548352193747676775e-03
5.910887096774164092e+03 1.883675365697034740e-03
5.907258064516099694e+03 1.808879610759053357e-03
5.903629032258035295e+03 1.474593738002733315e-03
5.899999999999970896e+03 1.009332634325500700e-03
5.896370967741906497e+03 1.036329426344301989e-03
5.892741935483842099e+03 2.009792578730553760e-03
5.889112903225777700e+03 4.348566217313032042e-03
5.885483870967713301e+03 7.414380699255714892e-03
5.881854838709648902e+03 9.457216119624490061e-03
5.878225806451584504e+03 1.008848723446748551e-02
5.874596774193520105e+03 9.009083418872293816e-03
5.870967741935455706e+03 7.210165662186377930e-03
5.867338709677391307e+03 8.749748895932911094e-03
5.863709677419326908e+03 2.754476638766338581e-02
5.860080645161262510e+03 6.307610499778201762e-02
5.856451612903198111e+03 9.653491549813116024e-02
5.852822580645133712e+03 1.170861637237140679e-01
5.849193548387069313e+03 1.169343776777328342e-01
5.845564516129004915e+03 9.293083457920124635e-02
5.841935483870940516e+03 5.398233852577809938e-02
5.838306451612876117e+03 2.112006690562506783e-02
5.834677419354811718e+03 3.776609166951928193e-03
5.831048387096747319e+03 4.957479752726089644e-05
5.827419354838682921e+03 -8.292990944338605891e-07
5.823790322580618522e+03 2.473942367595245392e-04
5.820161290322554123e+03 4.007178626904377822e-04
5.816532258064489724e+03 3.956599486043858253e-04
5.812903225806425326e+03 3.458317691388256032e-04
5.809274193548360927e+03 4.230397849606162006e-05
5.805645161290296528e+03 -4.002770105333967356e-04
5.802016129032232129e+03 -6.622814983748593091e-04
5.798387096774167730e+03 -1.020601377329866458e-03
5.794758064516103332e+03 -1.030637247022507096e-03
5.791129032258038933e+03 -1.086039829130652605e-03
5.787499999999974534e+03 -1.433794383596572863e-03
5.783870967741910135e+03 -1.649715774267338777e-03
5.780241935483845737e+03 -1.527864454165187751e-03
5.776612903225781338e+03 -1.440723758310063921e-03
5.772983870967716939e+03 -7.248825046746901028e-04
5.769354838709652540e+03 6.236275164142994769e-05
5.765725806451588141e+03 6.619476176971002528e-04
5.762096774193523743e+03 9.141636749242613991e-04
5.758467741935459344e+03 9.269959303581331005e-04
5.754838709677394945e+03 3.998469635762831424e-04
5.751209677419330546e+03 -4.123615461322870492e-04
5.747580645161266148e+03 -6.983957180924656822e-04
5.743951612903201749e+03 -8.114148677738970044e-04
5.740322580645137350e+03 -7.366364011557995908e-04
5.736693548387072951e+03 -1.063572576921449674e-03
5.733064516129008553e+03 -1.188585498522380527e-03
5.729435483870944154e+03 -1.486510793002747584e-03
5.725806451612879755e+03 -1.752051822780473439e-03
5.722177419354815356e+03 -1.924227281024855872e-03
5.718548387096750957e+03 -1.957078330364364453e-03
5.714919354838686559e+03 -1.809066540717798677e-03
5.711290322580622160e+03 -1.919606977535866623e-03
5.707661290322557761e+03 -2.112226954563028482e-03
5.704032258064493362e+03 -2.034361442325650655e-03
5.700403225806428964e+03 -1.832894167597870971e-03
5.696774193548364565e+03 -1.541701593192314852e-03
5.693145161290300166e+03 -1.399013525550017083e-03
5.689516129032235767e+03 -1.291101993874304264e-03
5.685887096774171368e+03 -9.850717189283364743e-04
5.682258064516106970e+03 -1.166757914148884231e-03
5.678629032258042571e+03 -1.103008315096762641e-03
5.674999999999978172e+03 -1.109879341730645331e-03
5.671370967741913773e+03 -1.505865067112844473e-03
5.667741935483849375e+03 -1.651481343935488379e-03
5.664112903225784976e+03 -1.557326992807439277e-03
5.660483870967720577e+03 -1.453659743663239219e-03
5.656854838709656178e+03 -1.398227987515289527e-03
5.653225806451591779e+03 -1.090062605063652325e-03
5.649596774193527381e+03 -9.298085238992553165e-04
5.645967741935462982e+03 -1.123621394998410494e-03
5.642338709677398583e+03 -1.411918175823402783e-03
5.638709677419334184e+03 -1.653418716282484963e-03
5.635080645161269786e+03 -1.694885832044163527e-03
5.631451612903205387e+03 -2.066658184908879738e-03
5.627822580645140988e+03 -2.184474843358110829e-03
5.624193548387076589e+03 -2.243566320721496893e-03
5.620564516129012191e+03 -2.174599971144389448e-03
5.616935483870947792e+03 -2.163622968538065749e-03
5.613306451612883393e+03 -1.819881465325210411e-03
5.609677419354818994e+03 -1.276955826129251353e-03
5.606048387096754595e+03 -7.057443345631428258e-04
5.602419354838690197e+03 -1.785553885415612301e-04
5.598790322580625798e+03 -1.653681822900719190e-05
5.595161290322561399e+03 -3.407360368530274234e-04
5.591532258064497000e+03 -9.844158432927385769e-04
5.587903225806432602e+03 -1.395098801616292223e-03
5.584274193548368203e+03 -1.734093580501006558e-03
5.580645161290303804e+03 -1.911119492992833591e-03
5.577016129032239405e+03 -2.131699005352334815e-03
5.573387096774175006e+03 -1.752463500897710356e-03
5.569758064516110608e+03 -1.652687204247394945e-03
5.566129032258046209e+03 -1.480645730482113218e-03
5.562499999999981810e+03 -1.088732484952580071e-03
5.558870967741917411e+03 -7.266804899426223359e-04
5.555241935483853013e+03 -6.784860567060965872e-04
5.551612903225788614e+03 -7.889022337249986276e-04
5.547983870967724215e+03 -9.291645339835777426e-04
5.544354838709659816e+03 -1.555226461941537804e-03
5.540725806451595417e+03 -1.991267063454894241e-03
5.537096774193531019e+03 -2.302395231726645734e-03
5.533467741935466620e+03 -2.391175076410767628e-03
5.529838709677402221e+03 -2.494305307118571940e-03
5.526209677419337822e+03 -2.349473487810662883e-03
5.522580645161273424e+03 -2.370862381067103709e-03
5.518951612903209025e+03 -2.500754930955282913e-03
5.515322580645144626e+03 -2.503765259655078065e-03
5.511693548387080227e+03 -2.553744711919623232e-03
5.508064516129015828e+03 -2.444782914810959135e-03
5.504435483870951430e+03 -2.424724141665591214e-03
5.500806451612887031e+03 -2.035569463677542636e-03
5.497177419354822632e+03 -1.466807510934993409e-03
5.493548387096758233e+03 -1.080847930565500105e-03
5.489919354838693835e+03 -7.759133028921784978e-04
5.486290322580629436e+03 -9.619972144832093222e-04
5.482661290322565037e+03 -1.252274588454908334e-03
5.479032258064500638e+03 -1.823333726702039371e-03
5.475403225806436240e+03 -2.405392558475342047e-03
5.471774193548371841e+03 -2.791251650485509876e-03
5.468145161290307442e+03 -2.744600199798627547e-03
5.464516129032243043e+03 -2.722161041109236092e-03
5.460887096774178644e+03 -2.681614528381378714e-03
5.457258064516114246e+03 -2.580647498699055291e-03
5.453629032258049847e+03 -2.326638858803925774e-03
5.449999999999985448e+03 -2.113896357951823655e-03
5.446370967741921049e+03 -1.867910579002845638e-03
5.442741935483856651e+03 -1.831611590366479360e-03
5.439112903225792252e+03 -1.850467744759919488e-03
5.435483870967727853e+03 -2.196798173875398261e-03
5.431854838709663454e+03 -2.374876512840161120e-03
5.428225806451599055e+03 -2.424040172510181623e-03
5.424596774193534657e+03 -2.374715515361241862e-03
5.420967741935470258e+03 -2.592291182140904395e-03
5.417338709677405859e+03 -2.689945337525463318e-03
5.413709677419341460e+03 -2.436342973147606963e-03
5.410080645161277062e+03 -2.397407515728936390e-03
5.406451612903212663e+03 -2.420863443731503459e-03
5.402822580645148264e+03 -2.110906559131890594e-03
5.399193548387083865e+03 -1.665591854520780644e-03
5.395564516129019466e+03 -1.327225938271845221e-03
5.391935483870955068e+03 -1.211442818448965359e-03
5.388306451612890669e+03 -1.254282194601433502e-03
5.384677419354826270e+03 -1.512142888270708680e-03
5.381048387096761871e+03 -2.100777764719873649e-03
5.377419354838697473e+03 -2.402238520616511389e-03
5.373790322580633074e+03 -2.460614693744698697e-03
5.370161290322568675e+03 -2.657763130061465990e-03
5.366532258064504276e+03 -2.611273757373496276e-03
5.362903225806439877e+03 -2.411762223832589636e-03
5.359274193548375479e+03 -2.454227740067566922e-03
5.355645161290311080e+03 -2.377122913905083731e-03
5.352016129032246681e+03 -2.234001557745694463e-03
5.348387096774182282e+03 -2.305925290542952446e-03
5.344758064516117884e+03 -2.303098650241924492e-03
5.341129032258053485e+03 -1.994266586954761885e-03
5.337499999999989086e+03 -1.864933746422825717e-03
5.333870967741924687e+03 -1.571619030751513109e-03
5.330241935483860289e+03 -1.329562022496165799e-03
5.326612903225795890e+03 -1.362730744713542066e-03
5.322983870967731491e+03 -1.501404680582781991e-03
5.319354838709667092e+03 -1.654701293513876573e-03
5.315725806451602693e+03 -2.050842613775031437e-03
5.312096774193538295e+03 -2.192449080904588544e-03
5.308467741935473896e+03 -2.486331069572093790e-03
5.304838709677409497e+03 -2.637392086638193703e-03
5.301209677419345098e+03 -2.720484074080491751e-03
5.297580645161280700e+03 -2.582769639964811563e-03
5.293951612903216301e+03 -2.658328242017672996e-03
5.290322580645151902e+03 -2.664441824136639606e-03
5.286693548387087503e+03 -2.610774557136846807e-03
5.283064516129023104e+03 -2.636683265522951191e-03
5.279435483870958706e+03 -2.660522778122943483e-03
5.275806451612894307e+03 -2.643595351916558280e-03
5.272177419354829908e+03 -2.570957395404094032e-03
5.268548387096765509e+03 -2.485120887180216395e-03
5.264919354838701111e+03 -2.404656724360280766e-03
5.261290322580636712e+03 -2.452407063879787075e-03
5.257661290322572313e+03 -2.429678325832339194e-03
5.254032258064507914e+03 -2.377470841342748525e-03
5.250403225806443515e+03 -2.267856410158465303e-03
5.246774193548379117e+03 -2.211371147017586643e-03
5.243145161290314718e+03 -2.065724615635145412e-03
5.239516129032250319e+03 -2.005932961316458929e-03
5.235887096774185920e+03 -2.087760740367242043e-03
5.232258064516121522e+03 -2.144243842468135722e-03
5.228629032258057123e+03 -2.548331306755957041e-03
5.224999999999992724e+03 -2.587797299491066683e-03
5.221370967741928325e+03 -2.536783789593462148e-03
5.217741935483863926e+03 -2.411847584912016774e-03
5.214112903225799528e+03 -2.228000349705973760e-03
5.210483870967735129e+03 -2.163500869778885258e-03
5.206854838709670730e+03 -1.887375066152202803e-03
5.203225806451606331e+03 -2.025034393748252528e-03
5.199596774193541933e+03 -2.098822023533000389e-03
5.195967741935477534e+03 -2.469333409566179787e-03
5.192338709677413135e+03 -2.458923679956048509e-03
5.188709677419348736e+03 -2.171518328125073005e-03
5.185080645161284338e+03 -1.754531616163829523e-03
5.181451612903219939e+03 -1.123199992201238994e-03
5.177822580645155540e+03 -4.744687547954321277e-04
5.174193548387091141e+03 -1.592864755108914783e-04
5.170564516129026742e+03 -2.296585815985637588e-04
5.166935483870962344e+03 -5.814240262775633317e-04
5.163306451612897945e+03 -1.232765799985848431e-03
5.159677419354833546e+03 -1.526801222492323983e-03
5.156048387096769147e+03 -1.490390940296704722e-03
5.152419354838704749e+03 -1.264462853973102353e-03
5.148790322580640350e+03 -1.105489189000111432e-03
5.145161290322575951e+03 -8.648714333751040531e-04
5.141532258064511552e+03 -9.713480345004479877e-04
5.137903225806447153e+03 -9.216819330337998935e-04
5.134274193548382755e+03 -8.741984819525021799e-04
5.130645161290318356e+03 -7.748003672996484547e-04
5.127016129032253957e+03 -6.080393947389247039e-04
5.123387096774189558e+03 -8.389713691489416540e-04
5.119758064516125160e+03 -1.217119870490861915e-03
5.116129032258060761e+03 -1.682406906647920374e-03
5.112499999999996362e+03 -1.901098750580091290e-03
5.108870967741931963e+03 -1.972806379378799768e-03
5.105241935483867564e+03 -2.005823828797191361e-03
5.101612903225803166e+03 -2.290959008123403823e-03
5.097983870967738767e+03 -2.410622275240240607e-03
5.094354838709674368e+03 -2.587037693936164971e-03
5.090725806451609969e+03 -2.722740199825348945e-03
5.087096774193545571e+03 -2.783548623457211477e-03
5.083467741935481172e+03 -2.780952133914638656e-03
5.079838709677416773e+03 -2.626377265832123293e-03
5.076209677419352374e+03 -2.444539797812591078e-03
5.072580645161287975e+03 -2.097784724339962683e-03
5.068951612903223577e+03 -1.982676929512549886e-03
5.065322580645159178e+03 -1.051332446443603748e-03
5.061693548387094779e+03 -1.836867239611204199e-03
5.058064516129030380e+03 -1.941368650189805381e-03
5.054435483870965982e+03 -1.740241739259741106e-03
5.050806451612901583e+03 -1.756747762668955026e-03
5.047177419354837184e+03 -1.450506786324401486e-03
5.043548387096772785e+03 -1.492668676441416716e-03
5.039919354838708387e+03 -1.381565288707127179e-03
5.036290322580643988e+03 -1.500326321630019669e-03
5.032661290322579589e+03 -1.642208321357727574e-03
5.029032258064515190e+03 -1.659445856802031728e-03
5.025403225806450791e+03 -1.765938665727266816e-03
5.021774193548386393e+03 -1.819901995205072502e-03
5.018145161290321994e+03 -1.746362885018656885e-03
5.014516129032257595e+03 -2.052142479326306800e-03
5.010887096774193196e+03 -2.020058599181649532e-03
5.007258064516128798e+03 -1.509224403770297127e-03
5.003629032258064399e+03 -5.198127762910893833e-04
5.000000000000000000e+03 8.999624006595783503e-04
4.996370967741935601e+03 1.692598371219516734e-03
4.992741935483871202e+03 1.896773429049122221e-03
4.989112903225806804e+03 1.305616618936884061e-03
4.985483870967742405e+03 1.294889756708881342e-04
4.981854838709678006e+03 -1.256184990308662148e-03
4.978225806451613607e+03 -2.111441416528300925e-03
4.974596774193549209e+03 -2.550374570062242854e-03
4.970967741935484810e+03 -2.538971842578776391e-03
4.967338709677420411e+03 -2.482167826040037120e-03
4.963709677419356012e+03 -2.468943341848797886e-03
4.960080645161291613e+03 -2.519493308669513813e-03
4.956451612903227215e+03 -2.405138636277046049e-03
4.952822580645162816e+03 -1.856157763041728966e-03
4.949193548387098417e+03 -1.078579919100722479e-03
4.945564516129034018e+03 -4.322830932385764136e-04
4.941935483870969620e+03 -3.177922753270227461e-04
4.938306451612905221e+03 -4.669072758861837107e-04
4.934677419354840822e+03 -1.048826720580421819e-03
4.931048387096776423e+03 -2.033946522648435833e-03
4.927419354838712025e+03 -2.615461852865386301e-03
4.923790322580647626e+03 -2.707459486087910976e-03
4.920161290322583227e+03 -2.554679361713349615e-03
4.916532258064518828e+03 -2.366833122014147528e-03
4.912903225806454429e+03 -2.153818330123872735e-03
4.909274193548390031e+03 -1.937571702935289965e-03
4.905645161290325632e+03 -1.515193196210235307e-03
4.902016129032261233e+03 -1.370093407944124840e-03
4.898387096774196834e+03 -1.416769710590840090e-03
4.894758064516132436e+03 -1.608923983501127494e-03
4.891129032258068037e+03 -1.609480451297392624e-03
4.887500000000003638e+03 -1.890413488371809432e-03
4.883870967741939239e+03 -1.988235124355244073e-03
4.880241935483874840e+03 -2.009869295650038804e-03
4.876612903225810442e+03 -1.957269582403080386e-03
4.872983870967746043e+03 -1.501721272940656970e-03
4.869354838709681644e+03 -9.061008347383780982e-04
4.865725806451617245e+03 1.906474877804007395e-04
4.862096774193552847e+03 2.021572407691489201e-03
4.858467741935488448e+03 3.915651560138695003e-03
4.854838709677424049e+03 4.142696904134798679e-03
4.851209677419359650e+03 4.046474437740629759e-03
4.847580645161295251e+03 4.310740453926913823e-03
4.843951612903230853e+03 5.745773653695171804e-03
4.840322580645166454e+03 8.096472991437606015e-03
4.836693548387102055e+03 9.689854235103054561e-03
4.833064516129037656e+03 1.002276028382863629e-02
4.829435483870973258e+03 9.046768714659354435e-03
4.825806451612908859e+03 5.764875086126965836e-03
4.822177419354844460e+03 1.554277765387905141e-03
4.818548387096780061e+03 -4.642070564243072389e-04
4.814919354838715662e+03 -9.014913364493163566e-04
4.811290322580651264e+03 -1.061783235813459642e-03
4.807661290322586865e+03 -1.310827966861906162e-03
4.804032258064522466e+03 -1.299392823778657176e-03
4.800403225806458067e+03 -1.263282926141021849e-03
4.796774193548393669e+03 -1.297666152830246559e-03
4.793145161290329270e+03 -1.287338542739563862e-03
4.789516129032264871e+03 -1.337525454842716441e-03
4.785887096774200472e+03 -5.296973731847453475e-04
4.782258064516136074e+03 2.654497258383386104e-04
4.778629032258071675e+03 7.585266556888753007e-04
4.775000000000007276e+03 8.328523844300113983e-04
4.771370967741942877e+03 1.276002267235651453e-04
4.767741935483878478e+03 -9.349798925845458335e-04
4.764112903225814080e+03 -1.844082952122773345e-03
4.760483870967749681e+03 -2.489768203669024196e-03
4.756854838709685282e+03 -2.622352328859138375e-03
4.753225806451620883e+03 -2.637103587800129767e-03
4.749596774193556485e+03 -2.680041291271938186e-03
4.745967741935492086e+03 -1.248653765959210730e-03
4.742338709677427687e+03 1.753636945609834399e-03
4.738709677419363288e+03 4.767837148538944629e-03
4.735080645161298889e+03 5.795205282323393284e-03
4.731451612903234491e+03 6.049424623617108768e-03
4.727822580645170092e+03 4.613957054811766365e-03
4.724193548387105693e+03 1.588227703560037918e-03
4.720564516129041294e+03 -1.159647012076611607e-03
4.716935483870976896e+03 -2.304384469033294008e-03
4.713306451612912497e+03 -1.674372159981848442e-03
4.709677419354848098e+03 -1.034896656833918628e-03
4.706048387096783699e+03 2.860628057399865177e-04
4.702419354838719300e+03 1.795790191566907753e-03
4.698790322580654902e+03 2.987910611245562283e-03
4.695161290322590503e+03 3.075902756854971207e-03
4.691532258064526104e+03 2.281142483989290811e-03
4.687903225806461705e+03 1.135259675840296061e-03
4.684274193548397307e+03 -2.034505691744682568e-04
4.680645161290332908e+03 -1.269501318699284981e-03
4.677016129032268509e+03 -1.545040399969905198e-03
4.673387096774204110e+03 -1.789154718291443950e-03
4.669758064516139711e+03 -1.921984121519911600e-03
4.666129032258075313e+03 -2.132616366826177445e-03
4.662500000000010914e+03 -2.358397502430766186e-03
4.658870967741946515e+03 -2.474517744491383335e-03
4.655241935483882116e+03 -2.706987298851080276e-03
4.651612903225817718e+03 -2.547739181799931266e-03
4.647983870967753319e+03 -2.576166582289130501e-03
4.644354838709688920e+03 -2.532091091264958901e-03
4.640725806451624521e+03 -2.641933512167712276e-03
4.637096774193560123e+03 -2.429400632194203200e-03
4.633467741935495724e+03 -1.445818410075869285e-03
4.629838709677431325e+03 4.039253862889093539e-05
4.626209677419366926e+03 1.609469646097465116e-03
4.622580645161302527e+03 2.018512375072027340e-03
4.618951612903238129e+03 2.013330201186809641e-03
4.615322580645173730e+03 1.194115599845263238e-03
4.611693548387109331e+03 -3.668122258380076888e-04
4.608064516129044932e+03 -1.830202592295936430e-03
4.604435483870980534e+03 -2.207187373605667448e-03
4.600806451612916135e+03 -2.043683088303085028e-03
4.597177419354851736e+03 -1.873233220487120938e-03
4.593548387096787337e+03 -1.935597592908540028e-03
4.589919354838722938e+03 -2.049749127542370777e-03
4.586290322580658540e+03 -1.793549193101948895e-03
4.582661290322594141e+03 -6.957452025502556484e-04
4.579032258064529742e+03 1.706462523246462387e-03
4.575403225806465343e+03 3.728561684434415855e-03
4.571774193548400945e+03 4.892592906381601145e-03
4.568145161290336546e+03 5.097807424444229969e-03
4.564516129032272147e+03 4.275235647485216978e-03
4.560887096774207748e+03 3.000264196322646824e-03
4.557258064516143349e+03 2.251355789349214920e-03
4.553629032258078951e+03 2.579987300983486564e-03
4.550000000000014552e+03 3.311049839756696842e-03
4.546370967741950153e+03 3.892253980215736302e-03
4.542741935483885754e+03 3.641772157576935159e-03
4.539112903225821356e+03 2.420430155214411527e-03
4.535483870967756957e+03 1.148552232791078247e-03
4.531854838709692558e+03 1.000685773083537147e-04
4.528225806451628159e+03 -9.812898989537196127e-04
4.524596774193563760e+03 -1.794588653334972233e-03
4.520967741935499362e+03 -1.968833307365466540e-03
4.517338709677434963e+03 -1.377854783052031608e-03
4.513709677419370564e+03 6.838773112099112196e-05
4.510080645161306165e+03 2.672695916361239165e-03
4.506451612903241767e+03 4.664172060434730420e-03
4.502822580645177368e+03 5.210356547928816223e-03
4.499193548387112969e+03 4.792401690054071128e-03
4.495564516129048570e+03 3.237362698331274890e-03
4.491935483870984172e+03 6.394900901678320137e-04
4.488306451612919773e+03 -1.143136666587426641e-03
4.484677419354855374e+03 -1.439416329118839172e-03
4.481048387096790975e+03 -1.385099669603404937e-03
4.477419354838726576e+03 -8.095250383065812809e-04
4.473790322580662178e+03 -1.271799044463862982e-04
4.470161290322597779e+03 6.022056672980798282e-04
4.466532258064533380e+03 7.937602516123922879e-04
4.462903225806468981e+03 6.158072529667879330e-04
4.459274193548404583e+03 1.719782633457059859e-04
4.455645161290340184e+03 -8.597562517294363811e-04
4.452016129032275785e+03 -1.306638790850023430e-03
4.448387096774211386e+03 -1.359927875852354542e-03
4.444758064516146987e+03 -6.721866251483774729e-04
4.441129032258082589e+03 1.627257706478074076e-04
4.437500000000018190e+03 9.428125820119738921e-04
4.433870967741953791e+03 1.828102061430034956e-03
4.430241935483889392e+03 2.255197037923433075e-03
4.426612903225824994e+03 1.772314814204471083e-03
4.422983870967760595e+03 7.771245658040487093e-04
4.419354838709696196e+03 -1.706643510345247762e-04
4.415725806451631797e+03 -1.123672179438069694e-03
4.412096774193567398e+03 -1.658009845731670028e-03
4.408467741935503000e+03 -1.639726366934386292e-03
4.404838709677438601e+03 -1.270588321811988962e-03
4.401209677419374202e+03 -1.064652016394204703e-03
4.397580645161309803e+03 -5.555250425713936400e-04
4.393951612903245405e+03 -1.745931217281554014e-04
4.390322580645181006e+03 7.239824315207312247e-04
4.386693548387116607e+03 1.836344267934714300e-03
4.383064516129052208e+03 2.860441667701115777e-03
4.379435483870987809e+03 3.029613280365659952e-03
4.375806451612923411e+03 2.324737143616689618e-03
4.372177419354859012e+03 1.070415510035520887e-03
4.368548387096794613e+03 -4.143162067991676021e-04
4.364919354838730214e+03 -1.431929406089090277e-03
4.361290322580665816e+03 -1.547617440152608418e-03
4.357661290322601417e+03 -1.338153236958502862e-03
4.354032258064537018e+03 -9.111673929843719854e-04
4.350403225806472619e+03 -6.465566909204020080e-04
4.346774193548408221e+03 -3.932665968204496405e-04
4.343145161290343822e+03 -2.856208730629527094e-04
4.339516129032279423e+03 -2.091600368161471190e-04
4.335887096774215024e+03 5.068303285782258232e-04
4.332258064516150625e+03 1.922517898396329007e-03
4.328629032258086227e+03 3.241533505503280729e-03
4.325000000000021828e+03 4.131884140567371709e-03
4.321370967741957429e+03 4.253107678553736531e-03
4.317741935483893030e+03 3.487033050455522198e-03
4.314112903225828632e+03 2.333720586836394214e-03
4.310483870967764233e+03 1.116837890483940356e-03
4.306854838709699834e+03 7.635748450949925116e-04
4.303225806451635435e+03 1.597294346819184020e-03
4.299596774193571036e+03 3.284748902613225142e-03
4.295967741935506638e+03 5.084207999815507605e-03
4.292338709677442239e+03 6.294952262089161497e-03
4.288709677419377840e+03 6.931016563619987400e-03
4.285080645161313441e+03 6.899925681348664450e-03
4.281451612903249043e+03 5.770601842088528451e-03
4.277822580645184644e+03 4.274595979649509908e-03
4.274193548387120245e+03 2.640788160975399493e-03
4.270564516129055846e+03 1.064145252517606065e-03
4.266935483870991447e+03 -2.128640593512862286e-04
4.263306451612927049e+03 -5.604381669784174380e-04
4.259677419354862650e+03 -3.137360032742478495e-04
4.256048387096798251e+03 3.953239068866413000e-04
4.252419354838733852e+03 1.126603630178394169e-03
4.248790322580669454e+03 1.368062030357759242e-03
4.245161290322605055e+03 1.384750661645747435e-03
4.241532258064540656e+03 1.152497211284599999e-03
4.237903225806476257e+03 6.827757210773049024e-04
4.234274193548411859e+03 8.591457579335339293e-04
4.230645161290347460e+03 2.075773451567699407e-03
4.227016129032283061e+03 4.398672090416728964e-03
4.223387096774218662e+03 6.815085412558100769e-03
4.219758064516154263e+03 8.122508120662862152e-03
4.216129032258089865e+03 8.449338405469223115e-03
4.212500000000025466e+03 8.177308853135048169e-03
4.208870967741961067e+03 7.116649898374041890e-03
4.205241935483896668e+03 6.039139153806143828e-03
4.201612903225832270e+03 5.296475071870801118e-03
4.197983870967767871e+03 4.062341873834129750e-03
4.194354838709703472e+03 2.457517923445483917e-03
4.190725806451639073e+03 1.012917799661437442e-03
4.187096774193574674e+03 -4.235276397373417541e-04
4.183467741935510276e+03 -8.152010098284849125e-04
4.179838709677445877e+03 -4.195156690042695416e-04
4.176209677419381478e+03 4.227264341627193304e-05
4.172580645161317079e+03 6.965004860251862049e-04
4.168951612903252681e+03 8.393419875064540630e-04
4.165322580645188282e+03 7.489781005129638077e-04
4.161693548387123883e+03 3.540577678436138478e-04
4.158064516129059484e+03 -3.179430078660110617e-06
4.154435483870995085e+03 1.955552095874608107e-04
4.150806451612930687e+03 1.098465809047251360e-03
4.147177419354866288e+03 3.177388436133813700e-03
4.143548387096801889e+03 6.418279572501406349e-03
4.139919354838737490e+03 9.010263346704374537e-03
4.136290322580673092e+03 1.007636812222882823e-02
4.132661290322608693e+03 9.428777913935362451e-03
4.129032258064544294e+03 7.309283922161109379e-03
4.125403225806479895e+03 4.568575215116363157e-03
4.121774193548415496e+03 2.334311631272427065e-03
4.118145161290351098e+03 9.320603275641415730e-04
4.114516129032286699e+03 -1.717978165069171002e-04
4.110887096774222300e+03 -2.580546470079733137e-04
4.107258064516157901e+03 -5.523564176926610257e-05
4.103629032258093503e+03 8.558761044354794593e-04
4.100000000000029104e+03 2.153283472727462837e-03
4.096370967741964705e+03 3.333453341286327868e-03
4.092741935483900306e+03 3.687042703713085384e-03
4.089112903225835908e+03 2.815149511165110537e-03
4.085483870967771509e+03 1.637824651747150136e-03
4.081854838709707110e+03 3.062253088046585779e-04
4.078225806451642711e+03 -3.495530799938486818e-04
4.074596774193578312e+03 -2.057920559987525347e-04
4.070967741935513914e+03 3.687171825852219123e-04
4.067338709677449515e+03 9.838647780964374177e-04
4.063709677419385116e+03 1.222316091135985461e-03
4.060080645161320717e+03 6.555747107798743246e-04
4.056451612903256319e+03 1.660548527454630888e-04
4.052822580645191920e+03 3.330373319047000703e-04
4.049193548387127521e+03 -7.058286151225771476e-04
4.045564516129063122e+03 -1.174929886854034992e-03
4.041935483870998723e+03 -7.156829574564362202e-04
4.038306451612934325e+03 -3.514483120611281591e-04
4.034677419354869926e+03 -5.903258902378152520e-05
4.031048387096805527e+03 -2.992500119914758152e-06
4.027419354838741128e+03 -5.273850604002653080e-04
4.023790322580676730e+03 -6.874565336858880433e-04
4.020161290322612331e+03 -7.269452173408455162e-04
4.016532258064547932e+03 -3.808589857437278325e-04
4.012903225806483533e+03 2.426539955513403498e-04
4.009274193548419134e+03 1.086778904805692225e-03
4.005645161290354736e+03 1.624788178034649146e-03
4.002016129032290337e+03 1.818299584055827790e-03
3.998387096774225938e+03 1.628809873447656159e-03
3.994758064516161539e+03 8.494524130785943315e-04
3.991129032258097141e+03 4.135112194045706077e-04
3.987500000000032742e+03 -2.134151245475875505e-04
3.983870967741968343e+03 -1.923709171688333427e-04
3.980241935483903944e+03 3.222256488572665671e-04
3.976612903225839545e+03 6.046400788417404665e-04
3.972983870967775147e+03 7.550603475521406021e-04
3.969354838709710748e+03 7.661594489176450085e-04
3.965725806451646349e+03 3.719436152835665140e-04
3.962096774193581950e+03 -1.150996909274669904e-04
3.958467741935517552e+03 -5.954534978633995064e-04
3.954838709677453153e+03 -1.094921703471038801e-03
3.951209677419388754e+03 -1.144731514096722401e-03
3.947580645161324355e+03 -1.387356875868254839e-03
3.943951612903259957e+03 -1.677565096560417867e-03
3.940322580645195558e+03 -1.924962034619924229e-03
3.936693548387131159e+03 -1.979036657656983115e-03
3.933064516129066760e+03 -1.847303982221154247e-03
3.929435483871002361e+03 -1.867560490525195429e-03
3.925806451612937963e+03 -1.921125108125677338e-03
3.922177419354873564e+03 -1.885453901605097481e-03
3.918548387096809165e+03 -1.936498746582491614e-03
3.914919354838744766e+03 -1.833842864151503417e-03
3.911290322580680368e+03 -1.798226764150553806e-03
3.907661290322615969e+03 -1.918647475782306669e-03
3.904032258064551570e+03 -1.690439492274006892e-03
3.900403225806487171e+03 -1.820497361721076617e-03
3.896774193548422772e+03 -1.639706917574516691e-03
3.893145161290358374e+03 -1.734168136380506188e-03
3.889516129032293975e+03 -1.715564823665369134e-03
3.885887096774229576e+03 -1.655726706986994064e-03
3.882258064516165177e+03 -1.699413210813776470e-03
3.878629032258100779e+03 -1.560128781148634094e-03
3.875000000000036380e+03 -1.374728838713012427e-03
3.871370967741971981e+03 -1.087208951762805818e-03
3.867741935483907582e+03 -8.634073287849308763e-04
3.864112903225843183e+03 -5.292813729875374927e-04
3.860483870967778785e+03 -8.483470411260134571e-04
3.856854838709714386e+03 -9.620091002031296457e-04
3.853225806451649987e+03 -1.034566017716137803e-03
3.849596774193585588e+03 -1.219819009432745625e-03
3.845967741935521190e+03 -1.332470782316642552e-03
3.842338709677456791e+03 -1.399344164667797909e-03
3.838709677419392392e+03 -1.673267868549260275e-03
3.835080645161327993e+03 -1.725587727118096850e-03
3.831451612903263594e+03 -2.069357323850763448e-03
3.827822580645199196e+03 -2.278483324287138793e-03
3.824193548387134797e+03 -2.281921538904062123e-03
3.820564516129070398e+03 -2.298242793394516138e-03
3.816935483871005999e+03 -2.358910749427321502e-03
3.813306451612941601e+03 -2.291789927997826826e-03
3.809677419354877202e+03 -2.071293615677767107e-03
3.806048387096812803e+03 -1.873604919364626163e-03
3.802419354838748404e+03 -1.992872716164117292e-03
3.798790322580684006e+03 -1.891573966844020335e-03
3.795161290322619607e+03 -1.853560192979163438e-03
3.791532258064555208e+03 -1.889425893098438001e-03
3.787903225806490809e+03 -1.819783138005870351e-03
3.784274193548426410e+03 -1.920823643047700697e-03
3.780645161290362012e+03 -2.129584427726527278e-03
3.777016129032297613e+03 -2.098193160897221261e-03
3.773387096774233214e+03 -2.140924485050414543e-03
3.769758064516168815e+03 -2.129008510570392764e-03
3.766129032258104417e+03 -2.190445796838034424e-03
3.762500000000040018e+03 -2.246378914262619434e-03
3.758870967741975619e+03 -2.261828189118925830e-03
3.755241935483911220e+03 -2.237352250243204808e-03
3.751612903225846821e+03 -2.396749479053353078e-03
3.747983870967782423e+03 -2.626914284268519039e-03
3.744354838709718024e+03 -2.554812265672457613e-03
3.740725806451653625e+03 -2.589869736837157113e-03
3.737096774193589226e+03 -2.760227760453737821e-03
3.733467741935524828e+03 -2.920402963658664044e-03
3.729838709677460429e+03 -2.739266753114425173e-03
3.726209677419396030e+03 -2.803614960242529000e-03
3.722580645161331631e+03 -2.858882477351581096e-03
3.718951612903267232e+03 -2.904158426087695075e-03
3.715322580645202834e+03 -2.747499234939169716e-03
3.711693548387138435e+03 -2.636927463041312172e-03
3.708064516129074036e+03 -2.561730835186021380e-03
3.704435483871009637e+03 -2.698067606310947802e-03
3.700806451612945239e+03 -2.848446815261623973e-03
3.697177419354880840e+03 -2.705693916419761157e-03
3.693548387096816441e+03 -2.742660666411645548e-03
3.689919354838752042e+03 -2.882180649435206812e-03
3.686290322580687643e+03 -3.008021249350582328e-03
3.682661290322623245e+03 -3.014159683429382293e-03
3.679032258064558846e+03 -3.015212109902318336e-03
3.675403225806494447e+03 -3.005683004086276335e-03
3.671774193548430048e+03 -3.170598448499387101e-03
3.668145161290365650e+03 -3.133466378948612189e-03
3.664516129032301251e+03 -3.055963921428797928e-03
3.660887096774236852e+03 -3.129464132895474777e-03
3.657258064516172453e+03 -3.312937508184027151e-03
3.653629032258108055e+03 -3.292728542759667046e-03
3.650000000000043656e+03 -3.182003337022838978e-03
3.646370967741979257e+03 -3.189639371811586917e-03
3.642741935483914858e+03 -3.144581688114008074e-03
3.639112903225850459e+03 -3.176919490456961339e-03
3.635483870967786061e+03 -3.350200320653924646e-03
3.631854838709721662e+03 -3.221917745554939323e-03
3.628225806451657263e+03 -3.261994232085951417e-03
3.624596774193592864e+03 -3.398346130490776610e-03
3.620967741935528466e+03 -3.555691451834696974e-03
3.617338709677464067e+03 -3.602507141560476467e-03
3.613709677419399668e+03 -3.508890889388815385e-03
3.610080645161335269e+03 -3.512024397367783952e-03
3.606451612903270870e+03 -3.722843572632795334e-03
3.602822580645206472e+03 -3.593798150418929960e-03
3.599193548387142073e+03 -3.574298006109812367e-03
3.595564516129077674e+03 -3.887241447969379520e-03
3.591935483871013275e+03 -3.363461542524916800e-03
3.588306451612948877e+03 -3.677971738373968669e-03
3.584677419354884478e+03 -3.926678266664685411e-03
3.581048387096820079e+03 -3.868723496333669604e-03
3.577419354838755680e+03 -3.808743831536244660e-03
3.573790322580691281e+03 -3.930517354198918151e-03
3.570161290322626883e+03 -3.957199714899829225e-03
3.566532258064562484e+03 -3.928050527055474556e-03
3.562903225806498085e+03 -3.912573158679356899e-03
3.559274193548433686e+03 -3.841094600119110847e-03
3.555645161290369288e+03 -3.818842371388464496e-03
3.552016129032304889e+03 -3.927326578660334140e-03
3.548387096774240490e+03 -3.771380530707021689e-03
3.544758064516176091e+03 -3.986837297780905856e-03
3.541129032258111692e+03 -4.121045444520119762e-03
3.537500000000047294e+03 -4.181795520072373491e-03
3.533870967741982895e+03 -4.044652681032857855e-03
3.530241935483918496e+03 -4.039343005788495478e-03
3.526612903225854097e+03 -4.065776846891074742e-03
3.522983870967789699e+03 -4.182353068388631329e-03
3.519354838709725300e+03 -4.180972163837900525e-03
3.515725806451660901e+03 -4.125723015568724672e-03
3.512096774193596502e+03 -4.142924893853268398e-03
3.508467741935532104e+03 -3.982614625649248327e-03
3.504838709677467705e+03 -4.234858776396220950e-03
3.501209677419403306e+03 -8.584478770832180972e-02
