9.048192771084140986e+03 -9.169759831277315976e-02
9.044578313252815860e+03 8.630779345411167258e-02
9.040963855421490734e+03 1.042751048553594573e-01
9.037349397590165609e+03 8.910648651882895066e-02
9.033734939758840483e+03 6.377873826015485748e-02
9.030120481927515357e+03 4.168654320127087448e-02
9.026506024096190231e+03 2.197096032700629128e-02
9.022891566264865105e+03 9.220603305275959852e-03
9.019277108433539979e+03 4.054786063095937657e-03
9.015662650602214853e+03 2.280230394327425157e-03
9.012048192770889727e+03 1.999349509623542243e-03
9.008433734939564602e+03 2.015009114027947138e-03
9.004819277108239476e+03 1.819926608855351909e-03
9.001204819276914350e+03 1.673385948939141998e-03
8.997590361445589224e+03 1.934642911433577571e-03
8.993975903614264098e+03 1.903034523394298233e-03
8.990361445782938972e+03 1.842753465579491769e-03
8.986746987951613846e+03 1.712919312091917660e-03
8.983132530120288720e+03 1.304246830996687269e-03
8.979518072288963594e+03 1.322357137866905525e-03
8.975903614457638469e+03 1.003500431308534512e-03
8.972289156626313343e+03 1.205686130110570405e-03
8.968674698794988217e+03 1.040630678451143643e-03
8.965060240963663091e+03 1.142462033038835027e-03
8.961445783132337965e+03 9.180058729940688026e-04
8.957831325301012839e+03 9.821963411650942895e-04
8.954216867469687713e+03 6.670477176505899266e-04
8.950602409638362587e+03 6.387905142378259068e-04
8.946987951807037462e+03 4.847568178055295459e-04
8.943373493975712336e+03 5.842161706040543533e-04
8.939759036144387210e+03 3.599375446438167611e-04
8.936144578313062084e+03 5.713897905589315242e-04
8.932530120481736958e+03 5.252254378365953623e-04
8.928915662650411832e+03 8.257027910255140693e-04
8.925301204819086706e+03 6.211890163933701326e-04
8.921686746987761580e+03 3.745044908166381505e-04
8.918072289156436455e+03 5.630072533719077902e-04
8.914457831325111329e+03 4.849984105803520460e-04
8.910843373493786203e+03 2.658902360509751706e-04
8.907228915662461077e+03 5.753110975290622134e-05
8.903614457831135951e+03 3.442706192462352717e-04
8.899999999999810825e+03 4.695620964678284370e-04
8.896385542168485699e+03 4.323879233661605021e-04
8.892771084337160573e+03 3.553399609290124484e-04
8.889156626505835447e+03 3.005441572516536213e-04
8.885542168674510322e+03 2.361999482239229712e-04
8.881927710843185196e+03 3.148658501530642679e-04
8.878313253011860070e+03 -2.742901605967929354e-05
8.874698795180534944e+03 2.803482824502969903e-05
8.871084337349209818e+03 1.381498866118628470e-04
8.867469879517884692e+03 1.982845245631405251e-04
8.863855421686559566e+03 2.221829916634816452e-05
8.860240963855234440e+03 7.283930648484214228e-05
8.856626506023909315e+03 3.379278937829970954e-05
8.853012048192584189e+03 -1.094625748499829395e-04
8.849397590361259063e+03 1.150430018987242905e-04
8.845783132529933937e+03 1.565310702296094367e-04
8.842168674698608811e+03 4.361801978315564088e-04
8.838554216867283685e+03 4.519157575401670286e-05
8.834939759035958559e+03 -6.559701398504892038e-05
8.831325301204633433e+03 -1.355747272620501018e-04
8.827710843373308307e+03 -1.906633706664665558e-04
8.824096385541983182e+03 1.338286703894691774e-04
8.820481927710658056e+03 5.704792420326118725e-05
8.816867469879332930e+03 -8.760483459757444443e-06
8.813253012048007804e+03 1.860172853718683662e-05
8.809638554216682678e+03 2.387696168288534065e-04
8.806024096385357552e+03 3.012414818517095182e-04
8.802409638554032426e+03 2.415351220012535794e-04
8.798795180722707300e+03 2.511549070350956470e-04
8.795180722891382175e+03 2.120699547143769506e-04
8.791566265060057049e+03 2.403363093686115501e-04
8.787951807228731923e+03 5.298815894968112328e-04
8.784337349397406797e+03 1.884689029618286658e-04
8.780722891566081671e+03 -6.571506500001902399e-06
8.777108433734756545e+03 1.491789628321696251e-04
8.773493975903431419e+03 1.877788993549492000e-04
8.769879518072106293e+03 -5.927716662548714570e-05
8.766265060240781168e+03 -3.101346583127899642e-04
8.762650602409456042e+03 -9.886726747538023756e-05
8.759036144578130916e+03 -6.857665820785997638e-05
8.755421686746805790e+03 -1.309808040438340318e-04
8.751807228915480664e+03 -2.594733855318255675e-04
8.748192771084155538e+03 -1.862597932708379134e-04
8.744578313252830412e+03 -8.277938497015346724e-05
8.740963855421505286e+03 -4.005772928903818936e-05
8.737349397590180160e+03 -2.688543231632862764e-05
8.733734939758855035e+03 -7.352198909854516329e-05
8.730120481927529909e+03 1.382157755504508090e-04
8.726506024096204783e+03 4.312787928999298496e-04
8.722891566264879657e+03 7.020365742890905241e-04
8.719277108433554531e+03 9.823153073042112556e-04
8.715662650602229405e+03 9.291356128705516044e-04
8.712048192770904279e+03 1.044664545691362158e-03
8.708433734939579153e+03 1.186272686454945772e-03
8.704819277108254028e+03 7.843611425581576823e-04
8.701204819276928902e+03 4.692015375538887540e-04
8.697590361445603776e+03 3.779087526436827166e-04
8.693975903614278650e+03 3.439466652981777988e-04
8.690361445782953524e+03 -4.395432790719834885e-05
8.686746987951628398e+03 -2.817758761197027652e-05
8.683132530120303272e+03 -1.334534694891766321e-04
8.679518072288978146e+03 -2.178992955311172329e-04
8.675903614457653021e+03 -5.441785740462513362e-05
8.672289156626327895e+03 -2.675722342332622272e-04
8.668674698795002769e+03 -1.239288573666282782e-04
8.665060240963677643e+03 2.298517320158024918e-05
8.661445783132352517e+03 2.911101424196637050e-05
8.657831325301027391e+03 5.065669716022912043e-05
8.654216867469702265e+03 -1.745754881612397854e-04
8.650602409638377139e+03 3.018637662717069277e-04
8.646987951807052013e+03 5.239643967619536137e-04
8.643373493975726888e+03 4.668917642067219780e-04
8.639759036144401762e+03 7.120352207198133799e-04
8.636144578313076636e+03 1.130477567209002814e-03
8.632530120481751510e+03 7.934428345935314346e-04
8.628915662650426384e+03 1.109557829207325798e-03
8.625301204819101258e+03 1.598664232083807759e-03
8.621686746987776132e+03 2.039841922882431203e-03
8.618072289156451006e+03 3.541271468969204965e-03
8.614457831325125881e+03 6.420896283003738221e-03
8.610843373493800755e+03 9.242458300155926426e-03
8.607228915662475629e+03 9.159646885840627001e-03
8.603614457831150503e+03 7.427906215416228870e-03
8.599999999999825377e+03 5.914479391761564425e-03
8.596385542168500251e+03 4.185808047726388877e-03
8.592771084337175125e+03 2.342936531131927392e-03
8.589156626505849999e+03 1.182529828693490871e-03
8.585542168674524873e+03 1.031166464522301077e-03
8.581927710843199748e+03 8.821696113953952792e-04
8.578313253011874622e+03 1.093264958893158710e-03
8.574698795180549496e+03 9.032577322401305923e-04
8.571084337349224370e+03 7.501629531827126284e-04
8.567469879517899244e+03 8.721819464544371516e-04
8.563855421686574118e+03 1.085976910186012712e-03
8.560240963855248992e+03 6.004596242142804354e-04
8.556626506023923866e+03 9.493012885750553957e-04
8.553012048192598741e+03 1.344607466378400576e-03
8.549397590361273615e+03 1.407154371581315283e-03
8.545783132529948489e+03 1.079501491721451606e-03
8.542168674698623363e+03 8.437343972190855957e-04
8.538554216867298237e+03 8.400940333621008393e-04
8.534939759035973111e+03 1.316172728881107815e-03
8.531325301204647985e+03 1.457127471003694281e-03
8.527710843373322859e+03 7.892552264966078103e-04
8.524096385541997734e+03 8.772187897598277689e-04
8.520481927710672608e+03 1.160877991374169652e-03
8.516867469879347482e+03 1.762614213773591948e-03
8.513253012048022356e+03 1.795820408573629411e-03
8.509638554216697230e+03 2.020278398866689595e-03
8.506024096385372104e+03 2.590104242258304320e-03
8.502409638554046978e+03 3.409257489763345937e-03
8.498795180722721852e+03 4.440055159254384029e-03
8.495180722891396726e+03 5.132079360250545869e-03
8.491566265060071601e+03 6.199258705331901417e-03
8.487951807228746475e+03 6.993313757979812730e-03
8.484337349397421349e+03 8.845790417621764504e-03
8.480722891566096223e+03 1.338665107729499100e-02
8.477108433734771097e+03 2.666949687721709150e-02
8.473493975903445971e+03 5.007612684422693000e-02
8.469879518072120845e+03 6.698526006150379297e-02
8.466265060240795719e+03 6.110529457694840322e-02
8.462650602409470594e+03 4.546099836927530724e-02
8.459036144578145468e+03 3.164776674645136678e-02
8.455421686746820342e+03 1.772247085082736748e-02
8.451807228915495216e+03 7.715850028287082538e-03
8.448192771084170090e+03 3.826197202403070798e-03
8.444578313252844964e+03 3.461811239280420099e-03
8.440963855421519838e+03 3.227709670725694216e-03
8.437349397590194712e+03 2.841358897825429011e-03
8.433734939758869587e+03 3.069909323304119159e-03
8.430120481927544461e+03 2.957345392719766975e-03
8.426506024096219335e+03 3.318931075952429900e-03
8.422891566264894209e+03 3.928526384526760153e-03
8.419277108433569083e+03 5.105365056149716550e-03
8.415662650602243957e+03 6.389564262456869960e-03
8.412048192770918831e+03 8.264726849704313871e-03
8.408433734939593705e+03 1.049755838883502553e-02
8.404819277108268579e+03 1.342276370638607365e-02
8.401204819276943454e+03 1.672232801001437980e-02
8.397590361445618328e+03 2.068872497711871788e-02
8.393975903614293202e+03 2.484474481873431839e-02
8.390361445782968076e+03 3.277080892996554751e-02
8.386746987951642950e+03 5.310621820076853739e-02
8.383132530120317824e+03 1.042398213287455966e-01
8.379518072288992698e+03 1.715522318669525370e-01
8.375903614457667572e+03 1.948440631702109127e-01
8.372289156626342447e+03 1.733080805679069469e-01
8.368674698795017321e+03 1.643230567566832112e-01
8.365060240963692195e+03 1.789864533541075664e-01
8.361445783132367069e+03 1.746053806915033313e-01
8.357831325301041943e+03 1.375863284537544307e-01
8.354216867469716817e+03 9.769304514369371584e-02
8.350602409638391691e+03 6.634824763348369514e-02
8.346987951807066565e+03 3.488603969520651799e-02
8.343373493975741439e+03 1.310570247340422587e-02
8.339759036144416314e+03 6.029666068151376401e-03
8.336144578313091188e+03 4.778058093217438934e-03
8.332530120481766062e+03 4.939264532714352299e-03
8.328915662650440936e+03 4.632231230135931688e-03
8.325301204819115810e+03 3.827275218648301929e-03
8.321686746987790684e+03 2.917969430920284990e-03
8.318072289156465558e+03 2.464044060753184905e-03
8.314457831325140432e+03 2.023071357763501533e-03
8.310843373493815307e+03 1.772490233568609378e-03
8.307228915662490181e+03 1.505511914906785924e-03
8.303614457831165055e+03 1.416420918694394045e-03
8.299999999999839929e+03 1.697475676986217458e-03
8.296385542168514803e+03 1.529004982009981618e-03
8.292771084337189677e+03 1.704858898604657332e-03
8.289156626505864551e+03 1.775572371695890647e-03
8.285542168674539425e+03 2.006923077064569003e-03
8.281927710843214300e+03 1.953082662996735719e-03
8.278313253011889174e+03 1.955189278783256435e-03
8.274698795180564048e+03 1.884759494177610031e-03
8.271084337349238922e+03 1.913044151314785817e-03
8.267469879517913796e+03 2.344660625024978969e-03
8.263855421686588670e+03 3.102754959190216939e-03
8.260240963855263544e+03 4.101045588729567044e-03
8.256626506023938418e+03 5.289341614673651742e-03
8.253012048192613292e+03 6.295570031064557509e-03
8.249397590361288167e+03 7.474738608765915150e-03
8.245783132529963041e+03 9.552859259595510369e-03
8.242168674698637915e+03 1.137686823727087487e-02
8.238554216867312789e+03 1.446153576769454961e-02
8.234939759035987663e+03 2.188799883233087315e-02
8.231325301204662537e+03 4.624778916644389781e-02
8.227710843373337411e+03 9.037268523316353830e-02
8.224096385542012285e+03 1.190324499279687975e-01
8.220481927710687160e+03 1.069694151993670628e-01
8.216867469879362034e+03 8.033381726592932204e-02
8.213253012048036908e+03 5.596806215262579293e-02
8.209638554216711782e+03 2.985401177307764331e-02
8.206024096385386656e+03 1.121253756393591518e-02
8.202409638554061530e+03 4.395710073336393103e-03
8.198795180722736404e+03 2.277003666584909332e-03
8.195180722891411278e+03 1.862523807652467734e-03
8.191566265060086153e+03 2.172666702082581055e-03
8.187951807228761027e+03 1.992899714635098293e-03
8.184337349397435901e+03 2.019231496842458905e-03
8.180722891566110775e+03 1.885487932998665883e-03
8.177108433734785649e+03 1.899483841703724935e-03
8.173493975903460523e+03 2.075114468006518820e-03
8.169879518072135397e+03 2.272023560976635988e-03
8.166265060240810271e+03 2.106069457404801011e-03
8.162650602409485145e+03 2.001655622474120613e-03
8.159036144578160020e+03 2.313447570617227240e-03
8.155421686746834894e+03 2.443418992726859636e-03
8.151807228915509768e+03 2.643739668517197314e-03
8.148192771084184642e+03 2.584516494216386375e-03
8.144578313252859516e+03 3.286444168731977519e-03
8.140963855421534390e+03 3.700671453399831563e-03
8.137349397590209264e+03 3.998304600739703042e-03
8.133734939758884138e+03 4.004542086926030434e-03
8.130120481927559013e+03 4.276061251605540493e-03
8.126506024096233887e+03 5.054489644318340552e-03
8.122891566264908761e+03 6.211816038877790089e-03
8.119277108433583635e+03 7.534944626400663127e-03
8.115662650602258509e+03 9.286409882690683376e-03
8.112048192770933383e+03 1.207094414660473368e-02
8.108433734939608257e+03 1.660091116843141756e-02
8.104819277108283131e+03 2.316884685401151070e-02
8.101204819276958006e+03 3.224258829079564015e-02
8.097590361445632880e+03 4.486340948951034191e-02
8.093975903614307754e+03 6.320010160147540579e-02
8.090361445782982628e+03 1.088937931632431161e-01
8.086746987951657502e+03 2.341318838723453755e-01
8.083132530120332376e+03 4.087156447558745187e-01
8.079518072289007250e+03 4.807128796240727753e-01
8.075903614457682124e+03 4.422660287291091397e-01
8.072289156626356998e+03 4.071142635201981386e-01
8.068674698795031873e+03 3.403729691504301380e-01
8.065060240963706747e+03 2.188001556380920753e-01
8.061445783132381621e+03 1.272499920615268176e-01
8.057831325301056495e+03 7.551565202671890742e-02
8.054216867469731369e+03 3.520908584011010756e-02
8.050602409638406243e+03 1.235294880376119897e-02
8.046987951807081117e+03 5.677021147835440915e-03
8.043373493975755991e+03 4.142855780760216003e-03
8.039759036144430866e+03 3.590431938148999289e-03
8.036144578313105740e+03 3.393462446985176604e-03
8.032530120481780614e+03 3.076020522358152449e-03
8.028915662650455488e+03 3.276623056385783404e-03
8.025301204819130362e+03 3.787571642404173686e-03
8.021686746987805236e+03 4.304618615738538788e-03
8.018072289156480110e+03 4.497448085261084895e-03
8.014457831325154984e+03 5.295875601083624082e-03
8.010843373493829858e+03 6.497803316322240015e-03
8.007228915662504733e+03 8.383718612297580766e-03
8.003614457831179607e+03 1.075391394639783546e-02
7.999999999999854481e+03 1.489753568606913547e-02
7.996385542168529355e+03 2.200039621032046089e-02
7.992771084337204229e+03 3.889862114776442698e-02
7.989156626505879103e+03 8.126914003315811874e-02
7.985542168674553977e+03 1.321238444353338148e-01
7.981927710843228851e+03 1.548728222643108721e-01
7.978313253011903726e+03 1.562603865732761776e-01
7.974698795180578600e+03 1.411836485313583134e-01
7.971084337349253474e+03 1.020162508459830919e-01
7.967469879517928348e+03 6.117935740441786396e-02
7.963855421686603222e+03 3.438090397777022328e-02
7.960240963855278096e+03 1.630935810592457763e-02
7.956626506023952970e+03 6.635000558697018609e-03
7.953012048192627844e+03 4.625192095196784675e-03
7.949397590361302719e+03 4.800248023535228468e-03
7.945783132529977593e+03 5.813123901730341339e-03
7.942168674698652467e+03 7.603423366324787991e-03
7.938554216867327341e+03 1.099009101651808075e-02
7.934939759036002215e+03 1.673845615798207759e-02
7.931325301204677089e+03 2.655643694934503585e-02
7.927710843373351963e+03 5.443819969929002134e-02
7.924096385542026837e+03 1.147352483934421380e-01
7.920481927710701711e+03 1.669707854513574063e-01
7.916867469879376586e+03 1.605506240130437634e-01
7.913253012048051460e+03 1.236588600534053034e-01
7.909638554216726334e+03 8.935099670943227879e-02
7.906024096385401208e+03 4.904491919911801306e-02
7.902409638554076082e+03 1.684351424031228436e-02
7.898795180722750956e+03 5.759450040257272502e-03
7.895180722891425830e+03 2.915895759603058350e-03
7.891566265060100704e+03 2.165991786553962076e-03
7.887951807228775579e+03 2.323640223367125657e-03
7.884337349397450453e+03 2.199450555618586659e-03
7.880722891566125327e+03 2.218501610111977759e-03
7.877108433734800201e+03 1.732266866808954359e-03
7.873493975903475075e+03 2.088731515314697518e-03
7.869879518072149949e+03 2.340859199318112618e-03
7.866265060240824823e+03 2.834912763333573629e-03
7.862650602409499697e+03 2.863878272836158437e-03
7.859036144578174572e+03 2.435728289395009544e-03
7.855421686746849446e+03 2.084867861165831150e-03
7.851807228915524320e+03 1.924594848298913927e-03
7.848192771084199194e+03 1.616833106899437465e-03
7.844578313252874068e+03 1.826213511745619763e-03
7.840963855421548942e+03 1.811564204399563564e-03
7.837349397590223816e+03 1.593901926022533392e-03
7.833734939758898690e+03 1.669106828427512849e-03
7.830120481927573564e+03 1.529947559881448312e-03
7.826506024096248439e+03 1.689288976366663678e-03
7.822891566264923313e+03 1.330790922006164223e-03
7.819277108433598187e+03 1.166646933997204363e-03
7.815662650602273061e+03 1.011740209128617540e-03
7.812048192770947935e+03 1.340989065500945059e-03
7.808433734939622809e+03 1.288453618466812219e-03
7.804819277108297683e+03 1.571170242209687408e-03
7.801204819276972557e+03 1.668442448296750865e-03
7.797590361445647432e+03 1.055193964127376953e-03
7.793975903614322306e+03 1.190817192969220945e-03
7.790361445782997180e+03 1.287489077615816286e-03
7.786746987951672054e+03 1.462583441168436140e-03
7.783132530120346928e+03 1.242598577706180559e-03
7.779518072289021802e+03 1.287296901544934683e-03
7.775903614457696676e+03 1.640357288223633168e-03
7.772289156626371550e+03 1.768996289575153463e-03
7.768674698795046424e+03 1.958024333390832785e-03
7.765060240963721299e+03 1.948904206141282647e-03
7.761445783132396173e+03 2.073059099172233719e-03
7.757831325301071047e+03 2.118174719622044691e-03
7.754216867469745921e+03 2.120162369269448007e-03
7.750602409638420795e+03 2.016445858938823235e-03
7.746987951807095669e+03 2.557361100276676902e-03
7.743373493975770543e+03 2.577376695621063502e-03
7.739759036144445417e+03 2.898279619772249713e-03
7.736144578313120292e+03 3.072713263690695935e-03
7.732530120481795166e+03 3.602711073954182816e-03
7.728915662650470040e+03 4.818197268555565564e-03
7.725301204819144914e+03 6.603137766144857868e-03
7.721686746987819788e+03 9.746572739044110853e-03
7.718072289156494662e+03 1.600523306788549996e-02
7.714457831325169536e+03 3.038797573139446692e-02
7.710843373493844410e+03 7.106846713523481962e-02
7.707228915662519285e+03 1.542941105654513645e-01
7.703614457831194159e+03 2.174957633023560100e-01
7.699999999999869033e+03 1.998739680043186140e-01
7.696385542168543907e+03 1.508706549245464601e-01
7.692771084337218781e+03 1.042234589089962582e-01
7.689156626505893655e+03 5.273460641738074439e-02
7.685542168674568529e+03 1.712478496790281052e-02
7.681927710843243403e+03 6.706753612819306778e-03
7.678313253011918277e+03 4.694556675295259718e-03
7.674698795180593152e+03 4.334063650294180461e-03
7.671084337349268026e+03 4.077638543296195107e-03
7.667469879517942900e+03 4.304301982783657367e-03
7.663855421686617774e+03 4.759169930822224580e-03
7.660240963855292648e+03 5.048316216822308113e-03
7.656626506023967522e+03 5.564224775717736132e-03
7.653012048192642396e+03 5.872647236751386661e-03
7.649397590361317270e+03 6.279785969776153012e-03
7.645783132529992145e+03 7.051299684433805226e-03
7.642168674698667019e+03 8.368598931139937386e-03
7.638554216867341893e+03 1.164217919973676262e-02
7.634939759036016767e+03 1.943806873129771615e-02
7.631325301204691641e+03 3.572216666539113766e-02
7.627710843373366515e+03 7.589413822269938659e-02
7.624096385542041389e+03 1.998985482389085133e-01
7.620481927710716263e+03 4.265032440771236444e-01
7.616867469879391138e+03 5.625732017528423112e-01
7.613253012048066012e+03 4.928408698646324915e-01
7.609638554216740886e+03 3.705795370767814845e-01
7.606024096385415760e+03 2.496501015960304048e-01
7.602409638554090634e+03 1.143362579258227485e-01
7.598795180722765508e+03 3.192598278963902636e-02
7.595180722891440382e+03 9.448800492833886802e-03
7.591566265060115256e+03 5.568361136862425009e-03
7.587951807228790130e+03 4.611075390104314373e-03
7.584337349397465005e+03 4.310103869875986371e-03
7.580722891566139879e+03 4.069627546512875893e-03
7.577108433734814753e+03 3.785174017138889790e-03
7.573493975903489627e+03 4.023902453381125385e-03
7.569879518072164501e+03 3.805938184035567631e-03
7.566265060240839375e+03 3.650231640662454820e-03
7.562650602409514249e+03 3.651498172481978770e-03
7.559036144578189123e+03 3.722969368366973661e-03
7.555421686746863998e+03 3.884410079645533257e-03
7.551807228915538872e+03 4.370732674866673398e-03
7.548192771084213746e+03 4.490063033394350520e-03
7.544578313252888620e+03 4.447599442722704847e-03
7.540963855421563494e+03 4.885026954766696905e-03
7.537349397590238368e+03 5.717323215271742989e-03
7.533734939758913242e+03 6.636193880584778139e-03
7.530120481927588116e+03 7.650063583603592884e-03
7.526506024096262990e+03 9.060026471192219460e-03
7.522891566264937865e+03 1.149441593396008723e-02
7.519277108433612739e+03 1.438702452939303808e-02
7.515662650602287613e+03 2.041897383229131571e-02
7.512048192770962487e+03 3.568273213564623902e-02
7.508433734939637361e+03 8.683540462059963216e-02
7.504819277108312235e+03 2.118836894303612051e-01
7.501204819276987109e+03 3.604774633149584462e-01
7.497590361445661983e+03 5.041639699826431231e-01
7.493975903614336858e+03 7.723309598713110624e-01
7.490361445783011732e+03 1.000000000000000000e+00
7.486746987951686606e+03 8.950007436802137617e-01
7.483132530120361480e+03 6.452197436413127374e-01
7.479518072289036354e+03 4.407914599069867045e-01
7.475903614457711228e+03 2.206275505751115473e-01
7.472289156626386102e+03 6.490600465673185271e-02
7.468674698795060976e+03 1.790462631229866597e-02
7.465060240963735851e+03 9.320950328497126791e-03
7.461445783132410725e+03 7.259677113214815097e-03
7.457831325301085599e+03 6.090208851472240538e-03
7.454216867469760473e+03 4.920733268736488843e-03
7.450602409638435347e+03 4.329616146939493232e-03
7.446987951807110221e+03 3.769668153591190004e-03
7.443373493975785095e+03 3.419170114524245577e-03
7.439759036144459969e+03 3.126046698981060912e-03
7.436144578313134843e+03 3.264656893038892296e-03
7.432530120481809718e+03 3.329850337275089885e-03
7.428915662650484592e+03 4.149915048430598621e-03
7.425301204819159466e+03 5.105205824548128372e-03
7.421686746987834340e+03 4.976482631775079254e-03
7.418072289156509214e+03 4.519383611065993026e-03
7.414457831325184088e+03 4.197492352835987574e-03
7.410843373493858962e+03 3.368247116237223400e-03
7.407228915662533836e+03 3.086813496548519199e-03
7.403614457831208711e+03 2.694563833396337697e-03
7.399999999999883585e+03 2.601869078292843272e-03
7.396385542168558459e+03 2.890469950301282221e-03
7.392771084337233333e+03 3.417491776838546547e-03
7.389156626505908207e+03 4.868236256916532063e-03
7.385542168674583081e+03 9.405771355439360507e-03
7.381927710843257955e+03 2.610374333627987070e-02
7.378313253011932829e+03 7.744487648807776847e-02
7.374698795180607704e+03 1.410946581988020976e-01
7.371084337349282578e+03 1.534992611850438116e-01
7.367469879517957452e+03 1.241324825557136163e-01
7.363855421686632326e+03 9.465342734478125741e-02
7.360240963855307200e+03 5.668119460719792807e-02
7.356626506023982074e+03 2.217515563843525800e-02
7.353012048192656948e+03 8.893711808706445884e-03
7.349397590361331822e+03 5.755908509808169322e-03
7.345783132530006696e+03 4.339914954090450146e-03
7.342168674698681571e+03 4.141466622304986085e-03
7.338554216867356445e+03 3.127726866915053576e-03
7.334939759036031319e+03 2.610021004194809126e-03
7.331325301204706193e+03 1.689442717223368787e-03
7.327710843373381067e+03 6.094827483042427382e-04
7.324096385542055941e+03 2.648964112272734583e-04
7.320481927710730815e+03 2.309196818954156781e-04
7.316867469879405689e+03 2.149727285088353843e-04
7.313253012048080564e+03 3.221813525846218694e-04
7.309638554216755438e+03 1.002689631314243688e-03
7.306024096385430312e+03 1.546439927259673271e-03
7.302409638554105186e+03 2.098448303508127204e-03
7.298795180722780060e+03 1.717727374360544573e-03
7.295180722891454934e+03 1.290767052310567075e-03
7.291566265060129808e+03 5.000576935442889882e-04
7.287951807228804682e+03 2.334911807486402078e-04
7.284337349397479557e+03 2.230551049756250603e-04
7.280722891566154431e+03 2.551210550884319976e-04
7.277108433734829305e+03 1.663800938622887965e-03
7.273493975903504179e+03 4.980690372603237617e-03
7.269879518072179053e+03 1.528818937270885400e-02
7.266265060240853927e+03 2.931602126851377832e-02
7.262650602409528801e+03 3.190905116267021835e-02
7.259036144578203675e+03 2.486464693868447109e-02
7.255421686746878549e+03 1.767310539383863330e-02
7.251807228915553424e+03 9.527581700405556714e-03
7.248192771084228298e+03 3.143252863193988968e-03
7.244578313252903172e+03 1.239553044544781501e-03
7.240963855421578046e+03 2.603541925233659668e-03
7.237349397590252920e+03 3.666553794949327632e-03
7.233734939758927794e+03 3.299429780378687876e-03
7.230120481927602668e+03 2.236536876802137312e-03
7.226506024096277542e+03 1.111508873888846904e-03
7.222891566264952417e+03 1.997706861779578443e-04
7.219277108433627291e+03 -4.164391397312861140e-04
7.215662650602302165e+03 -9.425183883970838540e-04
7.212048192770977039e+03 -1.294983944380196641e-03
7.208433734939651913e+03 -9.011200022326100846e-04
7.204819277108326787e+03 2.012678292825398102e-04
7.201204819277001661e+03 1.734993936767178146e-03
7.197590361445676535e+03 1.659809167093434078e-03
7.193975903614351409e+03 1.062361216447111484e-03
7.190361445783026284e+03 4.213917916151477456e-04
7.186746987951701158e+03 -4.746629984635129763e-04
7.183132530120376032e+03 -1.039671628345030128e-03
7.179518072289050906e+03 -1.175655416100813803e-03
7.175903614457725780e+03 -1.180302416519558905e-03
7.172289156626400654e+03 -7.029553589327338032e-04
7.168674698795075528e+03 5.442151790121335599e-05
7.165060240963750402e+03 -1.778900678218729747e-04
7.161445783132425277e+03 -3.080921012165632245e-04
7.157831325301100151e+03 -3.210246356627443872e-04
7.154216867469775025e+03 -4.961903788988345941e-04
7.150602409638449899e+03 7.883886039293466644e-05
7.146987951807124773e+03 3.383906720641628296e-03
7.143373493975799647e+03 7.795573813730218710e-03
7.139759036144474521e+03 8.898490587002367072e-03
7.136144578313149395e+03 6.922799781952637503e-03
7.132530120481824270e+03 4.558210498377242292e-03
7.128915662650499144e+03 1.777563681839882314e-03
7.125301204819174018e+03 -2.452267328104734082e-04
7.121686746987848892e+03 -7.299515212708560744e-04
7.118072289156523766e+03 -8.485076847701244736e-04
7.114457831325198640e+03 -7.588731048143820780e-04
7.110843373493873514e+03 -1.079647911584980446e-03
7.107228915662548388e+03 -8.780460619887655227e-04
7.103614457831223262e+03 -7.941712734145871776e-04
7.099999999999898137e+03 -8.487950337522997364e-04
7.096385542168573011e+03 -8.829859021345683049e-04
7.092771084337247885e+03 -1.161648525905990131e-03
7.089156626505922759e+03 -1.240129572757426310e-03
7.085542168674597633e+03 -1.452065004222185965e-03
7.081927710843272507e+03 -8.397243232066906038e-04
7.078313253011947381e+03 -2.577584428802444892e-04
7.074698795180622255e+03 1.461752508442910143e-03
7.071084337349297130e+03 1.259229769417513981e-02
7.067469879517972004e+03 4.782526003840605749e-02
7.063855421686646878e+03 8.102254518974778830e-02
7.060240963855321752e+03 7.855332427169471610e-02
7.056626506023996626e+03 5.891239539509858514e-02
7.053012048192671500e+03 3.802326646589215126e-02
7.049397590361346374e+03 1.519143512688902325e-02
7.045783132530021248e+03 3.189664299436029832e-03
7.042168674698696123e+03 -1.904364198779969180e-04
7.038554216867370997e+03 -6.512297967687444560e-05
7.034939759036045871e+03 3.847889305184862361e-03
7.031325301204720745e+03 1.202057388330253149e-02
7.027710843373395619e+03 1.760590965796867899e-02
7.024096385542070493e+03 1.494935184552368367e-02
7.020481927710745367e+03 1.063498807274315672e-02
7.016867469879420241e+03 5.824841151309233245e-03
7.013253012048095115e+03 1.391346517065087263e-03
7.009638554216769990e+03 -7.252239899271699592e-04
7.006024096385444864e+03 -1.289414498821219801e-03
7.002409638554119738e+03 -1.433182332571853379e-03
6.998795180722794612e+03 -1.349384414426027697e-03
6.995180722891469486e+03 -1.099205944855839636e-03
6.991566265060144360e+03 -1.408536209043368282e-03
6.987951807228819234e+03 -9.243147388638658967e-04
6.984337349397494108e+03 -4.905934796154463136e-04
6.980722891566168983e+03 -2.190303889768772060e-04
6.977108433734843857e+03 8.105391839088127524e-04
6.973493975903518731e+03 5.827246097567693843e-03
6.969879518072193605e+03 3.762814331291821496e-02
6.966265060240868479e+03 1.066173706004915900e-01
6.962650602409543353e+03 1.457136741211303987e-01
6.959036144578218227e+03 1.240894424368293308e-01
6.955421686746893101e+03 9.123610120541332524e-02
6.951807228915567975e+03 5.213198801530356113e-02
6.948192771084242850e+03 1.562737464706990403e-02
6.944578313252917724e+03 2.576957568761712152e-03
6.940963855421592598e+03 9.640878645431699917e-04
6.937349397590267472e+03 2.074056584492523295e-03
6.933734939758942346e+03 5.201896011677665035e-03
6.930120481927617220e+03 9.783898822754190372e-03
6.926506024096292094e+03 1.070234853095958054e-02
6.922891566264966968e+03 8.158965952029167967e-03
6.919277108433641843e+03 5.030213230945265908e-03
6.915662650602316717e+03 1.807120361541464468e-03
6.912048192770991591e+03 -6.250874452598244270e-04
6.908433734939666465e+03 -1.545325306048560363e-03
6.904819277108341339e+03 -1.802464209881248598e-03
6.901204819277016213e+03 -1.735539350758822947e-03
6.897590361445691087e+03 -1.857602269989606057e-03
6.893975903614365961e+03 -1.872150913679486396e-03
6.890361445783040836e+03 -1.486206455900513637e-03
6.886746987951715710e+03 -1.152352694820205428e-03
6.883132530120390584e+03 -1.221241410362211089e-03
6.879518072289065458e+03 -9.809902075392756392e-04
6.875903614457740332e+03 9.643843647668158070e-04
6.872289156626415206e+03 3.202651741331034255e-03
6.868674698795090080e+03 4.057214802582221128e-03
6.865060240963764954e+03 2.916367963662938514e-03
6.861445783132439828e+03 1.759034248110312709e-03
6.857831325301114703e+03 1.438483646755742999e-05
6.854216867469789577e+03 -1.204919256075338277e-03
6.850602409638464451e+03 -1.463895729195313069e-03
6.846987951807139325e+03 -2.189925943496038360e-03
6.843373493975814199e+03 -2.024330568589849215e-03
6.839759036144489073e+03 -2.173957027129928745e-03
6.836144578313163947e+03 -2.215463397943755186e-03
6.832530120481838821e+03 -2.033875313443632687e-03
6.828915662650513696e+03 -1.832946995219650408e-03
6.825301204819188570e+03 -1.887708024179421146e-03
6.821686746987863444e+03 -1.861112686217709011e-03
6.818072289156538318e+03 -1.995943417548203501e-03
6.814457831325213192e+03 -2.129006129026587719e-03
6.810843373493888066e+03 -2.351082966289010610e-03
6.807228915662562940e+03 -2.115923514220289202e-03
6.803614457831237814e+03 -2.202507070269750337e-03
6.799999999999912689e+03 -2.511185766064575903e-03
6.796385542168587563e+03 -2.120920092063209583e-03
6.792771084337262437e+03 -2.262312263528088504e-03
6.789156626505937311e+03 -2.283510199270470230e-03
6.785542168674612185e+03 -2.349031257951313643e-03
6.781927710843287059e+03 -2.234109967564147474e-03
6.778313253011961933e+03 -2.112151372486128793e-03
6.774698795180636807e+03 -1.927164516903844254e-03
6.771084337349311681e+03 -1.793194002271581485e-03
6.767469879517986556e+03 -1.243383754224353793e-03
6.763855421686661430e+03 -8.522450517866970651e-04
6.760240963855336304e+03 8.183744768558976184e-04
6.756626506024011178e+03 4.590494248037048017e-03
6.753012048192686052e+03 6.584445440317113034e-03
6.749397590361360926e+03 5.277712217012876794e-03
6.745783132530035800e+03 3.260064800068970294e-03
6.742168674698710674e+03 9.443834114087819613e-04
6.738554216867385549e+03 -1.236035307323502279e-03
6.734939759036060423e+03 -1.697530584435040773e-03
6.731325301204735297e+03 -1.960625116216762904e-03
6.727710843373410171e+03 -1.480397247815008581e-03
6.724096385542085045e+03 9.539958754494475435e-04
6.720481927710759919e+03 5.412094537511314210e-03
6.716867469879434793e+03 7.501438270880391931e-03
6.713253012048109667e+03 5.760072324677269207e-03
6.709638554216784541e+03 3.406233919581475901e-03
6.706024096385459416e+03 5.462000832870958023e-04
6.702409638554134290e+03 -8.972783110632731726e-04
6.698795180722809164e+03 -1.679855876658820687e-03
6.695180722891484038e+03 -1.743118408944732342e-03
6.691566265060158912e+03 -1.179368989889562980e-03
6.687951807228833786e+03 1.444612233168570238e-03
6.684337349397508660e+03 1.217759820544740516e-02
6.680722891566183534e+03 2.567118428469821259e-02
6.677108433734858409e+03 2.748590841277755506e-02
6.673493975903533283e+03 2.111368849827981869e-02
6.669879518072208157e+03 1.308662396518642246e-02
6.666265060240883031e+03 4.097886580173933438e-03
6.662650602409557905e+03 -9.698394198074106588e-05
6.659036144578232779e+03 -1.509650106299768434e-03
6.655421686746907653e+03 -1.552133829702649495e-03
6.651807228915582527e+03 -1.581372046201056595e-03
6.648192771084257402e+03 -1.368212178627537185e-03
6.644578313252932276e+03 -1.185529605647537166e-03
6.640963855421607150e+03 -1.087838272701122577e-03
6.637349397590282024e+03 -9.569681986790821819e-04
6.633734939758956898e+03 -1.396467551792007029e-03
6.630120481927631772e+03 -1.787331716985547181e-03
6.626506024096306646e+03 -2.030835271027116046e-03
6.622891566264981520e+03 -1.939202059934205715e-03
6.619277108433656394e+03 -1.557800278421214062e-03
6.615662650602331269e+03 -1.686527131690851531e-03
6.612048192771006143e+03 -1.380687151000190667e-03
6.608433734939681017e+03 3.418729939809512131e-04
6.604819277108355891e+03 4.967382637256764072e-03
6.601204819277030765e+03 8.822549924783155278e-03
6.597590361445705639e+03 8.336104702926309604e-03
6.593975903614380513e+03 5.537206650400084730e-03
6.590361445783055387e+03 2.339310809261295390e-03
6.586746987951730262e+03 -2.993435143707174977e-04
6.583132530120405136e+03 -7.660549991204695800e-04
6.579518072289080010e+03 -7.008487431462131958e-04
6.575903614457754884e+03 2.191483484794325923e-03
6.572289156626429758e+03 2.043536736626165931e-02
6.568674698795104632e+03 6.474102058475589283e-02
6.565060240963779506e+03 9.716342070408222342e-02
6.561445783132454380e+03 8.963741226497755343e-02
6.557831325301129255e+03 6.356280922691234792e-02
6.554216867469804129e+03 3.063171538746597630e-02
6.550602409638479003e+03 7.256937231518532407e-03
6.546987951807153877e+03 6.343485016280209872e-04
6.543373493975828751e+03 1.619138304625869018e-04
6.539759036144503625e+03 1.605674083050248830e-03
6.536144578313178499e+03 3.395596516496108760e-03
6.532530120481853373e+03 3.380140069652350088e-03
6.528915662650528247e+03 2.103439390606164951e-03
6.525301204819203122e+03 5.121483137751795889e-04
6.521686746987877996e+03 -9.047823290691241888e-04
6.518072289156552870e+03 -1.422551335355515527e-04
6.514457831325227744e+03 4.930761199139917748e-03
6.510843373493902618e+03 1.328931847301422116e-02
6.507228915662577492e+03 1.550276768271030732e-02
6.503614457831252366e+03 1.214246475919366838e-02
6.499999999999927240e+03 6.232710153403349732e-03
6.496385542168602115e+03 7.405761126181645282e-04
6.492771084337276989e+03 -1.150747567066271035e-03
6.489156626505951863e+03 -1.449795496337489588e-03
6.485542168674626737e+03 -1.391218399684499528e-03
6.481927710843301611e+03 -1.258759670143171777e-03
6.478313253011976485e+03 -1.365413728985842828e-03
6.474698795180651359e+03 -1.329015581160877682e-03
6.471084337349326233e+03 -1.356035536726823369e-03
6.467469879518001107e+03 -1.399734544996993416e-03
6.463855421686675982e+03 -1.511694493644289350e-03
6.460240963855350856e+03 -1.804574486164357448e-03
6.456626506024025730e+03 -1.894240180341099635e-03
6.453012048192700604e+03 -2.006791299187393133e-03
6.449397590361375478e+03 -1.689133405261664285e-03
6.445783132530050352e+03 -1.573037095469679691e-03
6.442168674698725226e+03 -1.662142733668424324e-03
6.438554216867400100e+03 -1.794284830254871087e-03
6.434939759036074975e+03 -1.682061325853223197e-03
6.431325301204749849e+03 -1.636058034980768846e-03
6.427710843373424723e+03 -1.326411137838359212e-03
6.424096385542099597e+03 -2.069489199874572120e-04
6.420481927710774471e+03 1.290000178275335163e-03
6.416867469879449345e+03 2.164344563089263054e-03
6.413253012048124219e+03 6.444479032273345807e-03
6.409638554216799093e+03 2.243954415576091682e-02
6.406024096385473968e+03 3.883784043216532977e-02
6.402409638554148842e+03 3.786648739701868605e-02
6.398795180722823716e+03 2.708732426027946061e-02
6.395180722891498590e+03 1.323186148831722621e-02
6.391566265060173464e+03 8.113864973565710834e-03
6.387951807228848338e+03 1.335044693578919979e-02
6.384337349397523212e+03 1.504898507191014881e-02
6.380722891566198086e+03 1.119376104668664065e-02
6.377108433734872960e+03 5.401319865803888565e-03
6.373493975903547835e+03 2.524324203443844335e-04
6.369879518072222709e+03 -1.455646800133759272e-03
6.366265060240897583e+03 -1.547995638309666768e-03
6.362650602409572457e+03 -1.722553739112112590e-03
6.359036144578247331e+03 -2.049247568865862536e-03
6.355421686746922205e+03 -2.236201941364315219e-03
6.351807228915597079e+03 -2.101766543665348555e-03
6.348192771084271953e+03 -1.877993066234285311e-03
6.344578313252946828e+03 1.959921385747677799e-05
6.340963855421621702e+03 4.797844907525061937e-03
6.337349397590296576e+03 8.609812844565575135e-03
6.333734939758971450e+03 7.872834084969483268e-03
6.330120481927646324e+03 4.596105789306788834e-03
6.326506024096321198e+03 3.034579125358767017e-04
6.322891566264996072e+03 -1.358171436486049809e-03
6.319277108433670946e+03 -1.996188670819614135e-03
6.315662650602345821e+03 -1.444575628202688028e-03
6.312048192771020695e+03 2.746534648831737598e-04
6.308433734939695569e+03 1.709912214144694879e-03
6.304819277108370443e+03 2.029931128369825630e-03
6.301204819277045317e+03 9.487650258248812559e-04
6.297590361445720191e+03 -4.271186385274178829e-04
6.293975903614395065e+03 -1.509117504046182537e-03
6.290361445783069939e+03 -1.541759982371634094e-03
6.286746987951744813e+03 -2.066027285226262975e-03
6.283132530120419688e+03 -1.989874314204934623e-03
6.279518072289094562e+03 -1.946400426474940255e-03
6.275903614457769436e+03 1.774959238517363844e-03
6.272289156626444310e+03 8.329429787397689758e-03
6.268674698795119184e+03 1.141884315164799248e-02
6.265060240963794058e+03 8.947365537448279116e-03
6.261445783132468932e+03 3.771652142742005186e-03
6.257831325301143806e+03 -4.363906763853790628e-04
6.254216867469818681e+03 -1.689052874336723379e-03
6.250602409638493555e+03 -1.848732886756348972e-03
6.246987951807168429e+03 -2.273129030946278127e-03
6.243373493975843303e+03 -2.111928082194247398e-03
6.239759036144518177e+03 -2.020324155074042574e-03
6.236144578313193051e+03 -2.264988086534077110e-03
6.232530120481867925e+03 -2.433348966612666319e-03
6.228915662650542799e+03 -1.962691466540813275e-03
6.225301204819217674e+03 -3.692370362261895985e-04
6.221686746987892548e+03 1.459695309360330541e-03
6.218072289156567422e+03 2.251962209424896409e-03
6.214457831325242296e+03 1.332782232150155890e-03
6.210843373493917170e+03 -9.591141648039261001e-05
6.207228915662592044e+03 -1.447039142406560076e-03
6.203614457831266918e+03 -2.150024700436146529e-03
6.199999999999941792e+03 -2.266596874784599855e-03
6.196385542168616666e+03 -2.106872936405915567e-03
6.192771084337291541e+03 -2.326010394907998113e-03
6.189156626505966415e+03 -1.814560320857021508e-03
6.185542168674641289e+03 -1.234768775503978112e-03
6.181927710843316163e+03 -3.199795638868075482e-04
6.178313253011991037e+03 6.240350524907112111e-04
6.174698795180665911e+03 2.050865508357855617e-03
6.171084337349340785e+03 4.762583343890739590e-03
6.167469879518015659e+03 6.414860124129763419e-03
6.163855421686690534e+03 5.977727282061123110e-03
6.160240963855365408e+03 3.288462932600380844e-03
6.156626506024040282e+03 1.462652990603612426e-03
6.153012048192715156e+03 5.671786637714285734e-03
6.149397590361390030e+03 1.816580091361986657e-02
6.145783132530064904e+03 2.559793591771963514e-02
6.142168674698739778e+03 2.120439194323932297e-02
6.138554216867414652e+03 1.108939296796331367e-02
6.134939759036089526e+03 2.302275735029979918e-03
6.131325301204764401e+03 -7.477634976691344484e-04
6.127710843373439275e+03 -1.379894653488841164e-03
6.124096385542114149e+03 -8.435898076038509307e-04
6.120481927710789023e+03 -1.212603553538159134e-04
6.116867469879463897e+03 -9.311113659040433485e-05
6.113253012048138771e+03 -1.486500210751718351e-04
6.109638554216813645e+03 1.323351877814754271e-04
6.106024096385488519e+03 3.196242211805061084e-03
6.102409638554163394e+03 1.170316673339309721e-02
6.098795180722838268e+03 1.633209528048230538e-02
6.095180722891513142e+03 1.324834653470227490e-02
6.091566265060188016e+03 6.850600147246586544e-03
6.087951807228862890e+03 1.039316560175972647e-03
6.084337349397537764e+03 1.006836973948696968e-03
6.080722891566212638e+03 5.521309113717445469e-03
6.077108433734887512e+03 9.149168714356847171e-03
6.073493975903562387e+03 7.847874988982705968e-03
6.069879518072237261e+03 3.967779719690537471e-03
6.066265060240912135e+03 8.173568588043725455e-04
6.062650602409587009e+03 -2.806328860600310711e-04
6.059036144578261883e+03 -5.724110691070449482e-04
6.055421686746936757e+03 -5.120293476360624060e-04
6.051807228915611631e+03 -7.781300622408603051e-06
6.048192771084286505e+03 4.253396371855429911e-04
6.044578313252961379e+03 1.079446584272628290e-03
6.040963855421636254e+03 2.517794792654607164e-03
6.037349397590311128e+03 5.875560992035609199e-03
6.033734939758986002e+03 7.755416335909152276e-03
6.030120481927660876e+03 6.221551129554161313e-03
6.026506024096335750e+03 3.205779635665668287e-03
6.022891566265010624e+03 7.649614257647388235e-05
6.019277108433685498e+03 -9.608501553108894384e-04
6.015662650602360372e+03 -1.421935456804547570e-03
6.012048192771035247e+03 -1.640157791159575079e-03
6.008433734939710121e+03 -1.591119948615486290e-03
6.004819277108384995e+03 -1.558439035075858455e-03
6.001204819277059869e+03 -1.426467151580763839e-03
5.997590361445734743e+03 -1.261212202857279205e-03
5.993975903614409617e+03 -1.269730178418066943e-03
5.990361445783084491e+03 -1.181437170461907202e-03
5.986746987951759365e+03 -7.930035750029450214e-04
5.983132530120434240e+03 1.618424507791166029e-04
5.979518072289109114e+03 6.357394903315445383e-04
5.975903614457783988e+03 9.809700748080404670e-04
5.972289156626458862e+03 4.969572529340667228e-04
5.968674698795133736e+03 -3.178747783485810622e-04
5.965060240963808610e+03 -1.126787786648077161e-03
5.961445783132483484e+03 -1.887742798897009289e-03
5.957831325301158358e+03 -1.902293272835183695e-03
5.954216867469833232e+03 1.751337138909433272e-04
5.950602409638508107e+03 5.376840294870168131e-03
5.946987951807182981e+03 9.101194246071635241e-03
5.943373493975857855e+03 8.161259253141688735e-03
5.939759036144532729e+03 4.005890979918789140e-03
5.936144578313207603e+03 5.661095242304242312e-04
5.932530120481882477e+03 -2.079299330731001561e-04
5.928915662650557351e+03 -8.942364383984624651e-04
5.925301204819232225e+03 -9.816143222075672786e-04
5.921686746987907100e+03 -8.856123084366161226e-04
5.918072289156581974e+03 5.714492736284901563e-05
5.914457831325256848e+03 1.296318195386602810e-03
5.910843373493931722e+03 1.736750975129523799e-03
5.907228915662606596e+03 1.142659699854599049e-03
5.903614457831281470e+03 6.999903566962755418e-04
5.899999999999956344e+03 -2.219313325230415454e-04
5.896385542168631218e+03 -6.632371407022529149e-04
5.892771084337306092e+03 2.710314035091301085e-04
5.889156626505980967e+03 2.841391842294723087e-03
5.885542168674655841e+03 6.455085321137712939e-03
5.881927710843330715e+03 9.481276418564573913e-03
5.878313253012005589e+03 1.007854317462977996e-02
5.874698795180680463e+03 6.924329869526513193e-03
5.871084337349355337e+03 3.434287965433594023e-03
5.867469879518030211e+03 1.157678717356065484e-03
5.863855421686705085e+03 5.480013221457441519e-03
5.860240963855379960e+03 4.452178449417323880e-02
5.856626506024054834e+03 1.169400277169690278e-01
5.853012048192729708e+03 1.505124789938857288e-01
5.849397590361404582e+03 1.162161938006212314e-01
5.845783132530079456e+03 5.094375604804976532e-02
5.842168674698754330e+03 7.841544160133379418e-03
5.838554216867429204e+03 -8.130878046583608803e-06
5.834939759036104078e+03 -9.904910264340006324e-04
5.831325301204778953e+03 -1.177198315412748397e-03
5.827710843373453827e+03 -1.071933415025306830e-03
5.824096385542128701e+03 -5.404604246367669240e-04
5.820481927710803575e+03 -2.043627791478797929e-04
5.816867469879478449e+03 2.414124953655482080e-04
5.813253012048153323e+03 -6.490270929467830199e-04
5.809638554216828197e+03 -1.131436617315116546e-03
5.806024096385503071e+03 -1.373889608835866154e-03
5.802409638554177945e+03 -1.526523165323168466e-03
5.798795180722852820e+03 -1.413238116910936915e-03
5.795180722891527694e+03 -1.667809182386988890e-03
5.791566265060202568e+03 -1.931148967440121655e-03
5.787951807228877442e+03 -1.730220649216139377e-03
5.784337349397552316e+03 -2.238045001396484195e-03
5.780722891566227190e+03 -2.223457922492427363e-03
5.777108433734902064e+03 -1.885806396201840937e-03
5.773493975903576938e+03 -1.451003460211602305e-03
5.769879518072251813e+03 -9.603321950436562952e-04
5.766265060240926687e+03 7.095003268324710875e-04
5.762650602409601561e+03 9.735099827612482548e-04
5.759036144578276435e+03 -4.117784124503350214e-05
5.755421686746951309e+03 -1.547377014386257547e-03
5.751807228915626183e+03 -1.842242826305435111e-03
5.748192771084301057e+03 -1.663389132756713101e-03
5.744578313252975931e+03 -1.173276093318470796e-03
5.740963855421650806e+03 -1.280806841094020605e-03
5.737349397590325680e+03 -1.593078314290183881e-03
5.733734939759000554e+03 -1.803392145766362321e-03
5.730120481927675428e+03 -2.116015026634994727e-03
5.726506024096350302e+03 -2.478082065169008585e-03
5.722891566265025176e+03 -2.537074628184761427e-03
5.719277108433700050e+03 -2.294001182492308531e-03
5.715662650602374924e+03 -2.596268518512866857e-03
5.712048192771049798e+03 -2.604177021391716144e-03
5.708433734939724673e+03 -2.795888209206560341e-03
5.704819277108399547e+03 -2.379323697467127918e-03
5.701204819277074421e+03 -2.022328276956092928e-03
5.697590361445749295e+03 -2.198421956077297075e-03
5.693975903614424169e+03 -1.899877345086958477e-03
5.690361445783099043e+03 -1.437864107708186623e-03
5.686746987951773917e+03 -1.420394387740906827e-03
5.683132530120448791e+03 -1.583568344153988552e-03
5.679518072289123666e+03 -2.145575366833165232e-03
5.675903614457798540e+03 -2.460780728044786869e-03
5.672289156626473414e+03 -2.246286609464861073e-03
5.668674698795148288e+03 -2.093504802865736071e-03
5.665060240963823162e+03 -2.422632862850652557e-03
5.661445783132498036e+03 -2.112067181064599536e-03
5.657831325301172910e+03 -1.952475020563091334e-03
5.654216867469847784e+03 -1.610637716423875135e-03
5.650602409638522658e+03 -1.229342089311941978e-03
5.646987951807197533e+03 -1.362532918170913715e-03
5.643373493975872407e+03 -2.327394062618345395e-03
5.639759036144547281e+03 -2.486433488135032528e-03
5.636144578313222155e+03 -2.688079263690306038e-03
5.632530120481897029e+03 -2.811633835280788560e-03
5.628915662650571903e+03 -2.947908632515336066e-03
5.625301204819246777e+03 -2.737025593819689302e-03
5.621686746987921651e+03 -2.626778757575680325e-03
5.618072289156596526e+03 -2.750933650606631180e-03
5.614457831325271400e+03 -2.768191061771793984e-03
5.610843373493946274e+03 -2.336301881065778758e-03
5.607228915662621148e+03 -9.947866191802768199e-04
5.603614457831296022e+03 -2.390761834181168283e-05
5.599999999999970896e+03 -3.763493810971009772e-04
5.596385542168645770e+03 -1.691871456709652692e-03
5.592771084337320644e+03 -1.914953100285542512e-03
5.589156626505995519e+03 -2.403832552373554726e-03
5.585542168674670393e+03 -2.486991713864736015e-03
5.581927710843345267e+03 -2.912299321705131856e-03
5.578313253012020141e+03 -2.594606653061814865e-03
5.574698795180695015e+03 -2.273202240878042547e-03
5.571084337349369889e+03 -1.979996464161623126e-03
5.567469879518044763e+03 -2.256378598558583630e-03
5.563855421686719637e+03 -2.320607501943785286e-03
5.560240963855394511e+03 -1.516559293610033644e-03
5.556626506024069386e+03 -7.494985730519506447e-04
5.553012048192744260e+03 -1.023234168415628267e-03
5.549397590361419134e+03 -2.087007421421645508e-03
5.545783132530094008e+03 -2.641113262215149821e-03
5.542168674698768882e+03 -2.714577598492430230e-03
5.538554216867443756e+03 -2.768613849127733468e-03
5.534939759036118630e+03 -2.891139821176926406e-03
5.531325301204793504e+03 -2.880147349922502001e-03
5.527710843373468379e+03 -2.991433767197565399e-03
5.524096385542143253e+03 -3.043678204752934841e-03
5.520481927710818127e+03 -2.818138537718055826e-03
5.516867469879493001e+03 -3.254696681822345609e-03
5.513253012048167875e+03 -3.172487419195807717e-03
5.509638554216842749e+03 -3.095750598968658070e-03
5.506024096385517623e+03 -3.073346529600457910e-03
5.502409638554192497e+03 -2.920368886433862953e-03
5.498795180722867372e+03 -2.191102793149151285e-03
5.495180722891542246e+03 -1.204139570302047461e-03
5.491566265060217120e+03 -6.807269934007679916e-04
5.487951807228891994e+03 -1.644230093613969872e-03
5.484337349397566868e+03 -2.517985138477194483e-03
5.480722891566241742e+03 -2.990236784813217735e-03
5.477108433734916616e+03 -3.233150998904082887e-03
5.473493975903591490e+03 -3.376545462002718094e-03
5.469879518072266364e+03 -3.217718345288147520e-03
5.466265060240941239e+03 -3.017040771080458077e-03
5.462650602409616113e+03 -3.024731474412308604e-03
5.459036144578290987e+03 -2.923438212823085535e-03
5.455421686746965861e+03 -2.860750378501524405e-03
5.451807228915640735e+03 -2.524001164619934113e-03
5.448192771084315609e+03 -2.372480399095450859e-03
5.444578313252990483e+03 -2.258662748429633195e-03
5.440963855421665357e+03 -2.675271186128124097e-03
5.437349397590340232e+03 -2.947562715587749137e-03
5.433734939759015106e+03 -2.814673877697305635e-03
5.430120481927689980e+03 -3.022326528153848006e-03
5.426506024096364854e+03 -3.143302279897929648e-03
5.422891566265039728e+03 -3.510203004176688010e-03
5.419277108433714602e+03 -3.111926333392002041e-03
5.415662650602389476e+03 -2.888154686209233081e-03
5.412048192771064350e+03 -2.970468272988535403e-03
5.408433734939739225e+03 -3.193570049295660612e-03
5.404819277108414099e+03 -3.335335591412537468e-03
5.401204819277088973e+03 -2.598730202468444838e-03
5.397590361445763847e+03 -1.703402020962545629e-03
5.393975903614438721e+03 -1.201837117948057008e-03
5.390361445783113595e+03 -2.054092236100371876e-03
5.386746987951788469e+03 -3.031512544341986078e-03
5.383132530120463343e+03 -3.311417906705108223e-03
5.379518072289138217e+03 -3.208263282600775507e-03
5.375903614457813092e+03 -3.425565002063865779e-03
5.372289156626487966e+03 -3.253911505304172593e-03
5.368674698795162840e+03 -2.907143512260624164e-03
5.365060240963837714e+03 -3.017578864078926826e-03
5.361445783132512588e+03 -3.035564714065145265e-03
5.357831325301187462e+03 -3.206539188707723930e-03
5.354216867469862336e+03 -2.981177055757373330e-03
5.350602409638537210e+03 -2.626976424391443913e-03
5.346987951807212085e+03 -2.903175533958993800e-03
5.343373493975886959e+03 -3.015765088019463792e-03
5.339759036144561833e+03 -2.395212082908296843e-03
5.336144578313236707e+03 -2.082772226869075271e-03
5.332530120481911581e+03 -1.882195316317561906e-03
5.328915662650586455e+03 -2.481716938281110924e-03
5.325301204819261329e+03 -2.245819896149863111e-03
5.321686746987936203e+03 -2.144032467521230639e-03
5.318072289156611077e+03 -2.803317187032352761e-03
5.314457831325285952e+03 -2.982745578545425297e-03
5.310843373493960826e+03 -3.340132672191399761e-03
5.307228915662635700e+03 -3.308053910340534327e-03
5.303614457831310574e+03 -3.345632568315200315e-03
5.299999999999985448e+03 -3.321696581124829965e-03
5.296385542168660322e+03 -3.304444660704549362e-03
5.292771084337335196e+03 -3.409660144388049815e-03
5.289156626506010070e+03 -3.171162319430871884e-03
5.285542168674684945e+03 -3.289813655841434051e-03
5.281927710843359819e+03 -3.359348449031260807e-03
5.278313253012034693e+03 -3.291572524452073770e-03
5.274698795180709567e+03 -3.241773298617635270e-03
5.271084337349384441e+03 -3.254727796043345618e-03
5.267469879518059315e+03 -3.078515150783024505e-03
5.263855421686734189e+03 -3.175774545132029059e-03
5.260240963855409063e+03 -3.181276271504123680e-03
5.256626506024083938e+03 -3.157192034201930422e-03
5.253012048192758812e+03 -3.025558746641246032e-03
5.249397590361433686e+03 -3.023931655907782182e-03
5.245783132530108560e+03 -2.631586819844307021e-03
5.242168674698783434e+03 -2.614265349988850132e-03
5.238554216867458308e+03 -2.770850412543135986e-03
5.234939759036133182e+03 -3.177551716225609883e-03
5.231325301204808056e+03 -3.452883288101751564e-03
5.227710843373482930e+03 -3.351293526288882680e-03
5.224096385542157805e+03 -3.418417882475366203e-03
5.220481927710832679e+03 -3.355314581791042292e-03
5.216867469879507553e+03 -3.112995198395762404e-03
5.213253012048182427e+03 -2.703614411210711332e-03
5.209638554216857301e+03 -2.465519240878237713e-03
5.206024096385532175e+03 -2.601254114866022402e-03
5.202409638554207049e+03 -3.221325764675838418e-03
5.198795180722881923e+03 -3.456591371145618322e-03
5.195180722891556798e+03 -3.207057148974957073e-03
5.191566265060231672e+03 -2.933416726522572893e-03
5.187951807228906546e+03 -2.534704456643889405e-03
5.184337349397581420e+03 -1.805668974644235184e-03
5.180722891566256294e+03 -2.544493539644936369e-04
5.177108433734931168e+03 -4.869750787379908507e-04
5.173493975903606042e+03 -1.199283921577773719e-03
5.169879518072280916e+03 -2.251393002205428085e-03
5.166265060240955791e+03 -2.592104703643766540e-03
5.162650602409630665e+03 -2.725604844464443212e-03
5.159036144578305539e+03 -2.715888056271013092e-03
5.155421686746980413e+03 -1.933956568323286348e-03
5.151807228915655287e+03 -1.805324887964942539e-03
5.148192771084330161e+03 -1.842625348198904034e-03
5.144578313253005035e+03 -2.427367715187514832e-03
5.140963855421679909e+03 -2.316493103778626082e-03
5.137349397590354783e+03 -1.719680249290359963e-03
5.133734939759029658e+03 -1.167604153855024028e-03
5.130120481927704532e+03 -9.994500918336689591e-04
5.126506024096379406e+03 -1.668127645590163945e-03
5.122891566265054280e+03 -2.508469677596116519e-03
5.119277108433729154e+03 -2.828905888432304769e-03
5.115662650602404028e+03 -2.782704930744086397e-03
5.112048192771078902e+03 -2.701432755244132563e-03
5.108433734939753776e+03 -2.796371394756205775e-03
5.104819277108428651e+03 -2.973217305926288863e-03
5.101204819277103525e+03 -3.211405818921762075e-03
5.097590361445778399e+03 -3.344398980964970441e-03
5.093975903614453273e+03 -3.423764037742461647e-03
5.090361445783128147e+03 -3.754006718938491041e-03
5.086746987951803021e+03 -3.180577116655773553e-03
5.083132530120477895e+03 -3.100179799840404194e-03
5.079518072289152769e+03 -3.229909629175214091e-03
5.075903614457827643e+03 -3.022101407613672543e-03
5.072289156626502518e+03 -2.791228397049756553e-03
5.068674698795177392e+03 -2.794456955040566445e-03
5.065060240963852266e+03 -2.669848160432676532e-03
5.061445783132527140e+03 -2.724173590298448883e-03
5.057831325301202014e+03 -2.937699507530790611e-03
5.054216867469876888e+03 -2.815565208616537148e-03
5.050602409638551762e+03 -2.394670329413239960e-03
5.046987951807226636e+03 -2.059610434707113535e-03
5.043373493975901511e+03 -2.179228142216965702e-03
5.039759036144576385e+03 -2.454510297389166269e-03
5.036144578313251259e+03 -2.371649466369924863e-03
5.032530120481926133e+03 -2.566589212175579386e-03
5.028915662650601007e+03 -2.594659730262344113e-03
5.025301204819275881e+03 -2.640220101047623807e-03
5.021686746987950755e+03 -2.468899709477458647e-03
5.018072289156625629e+03 -2.633944179647121006e-03
5.014457831325300504e+03 -3.191750782491314942e-03
5.010843373493975378e+03 -3.502856387524130345e-03
5.007228915662650252e+03 -2.040107308885077443e-03
5.003614457831325126e+03 7.274568928459841264e-04
5.000000000000000000e+03 2.599961959570380645e-03
4.996385542168674874e+03 9.808328061859821791e-04
4.992771084337349748e+03 -9.486387386925875876e-04
4.989156626506024622e+03 -2.254076146204593394e-03
4.985542168674699496e+03 -2.794790060230094471e-03
4.981927710843374371e+03 -3.207789248292600842e-03
4.978313253012049245e+03 -3.333223484881134551e-03
4.974698795180724119e+03 -3.242287598388279846e-03
4.971084337349398993e+03 -3.302063507673912070e-03
4.967469879518073867e+03 -3.282545739865523442e-03
4.963855421686748741e+03 -3.495125418729809908e-03
4.960240963855423615e+03 -3.225150983610528075e-03
4.956626506024098489e+03 -2.703120244171301929e-03
4.953012048192773364e+03 -1.783123976157388385e-03
4.949397590361448238e+03 -5.126461413111774515e-04
4.945783132530123112e+03 -2.729183895003575093e-04
4.942168674698797986e+03 -1.566428068879648430e-03
4.938554216867472860e+03 -3.061830607333917726e-03
4.934939759036147734e+03 -3.343941418891442814e-03
4.931325301204822608e+03 -3.543453124935784168e-03
4.927710843373497482e+03 -3.320869308895892102e-03
4.924096385542172357e+03 -3.017221965661575061e-03
4.920481927710847231e+03 -3.021054505589441420e-03
4.916867469879522105e+03 -2.880085121480501983e-03
4.913253012048196979e+03 -2.571675472184910792e-03
4.909638554216871853e+03 -2.443980878953151258e-03
4.906024096385546727e+03 -2.279646545121603862e-03
4.902409638554221601e+03 -1.944231582246419955e-03
4.898795180722896475e+03 -2.278002982153493408e-03
4.895180722891571349e+03 -2.869676499431898873e-03
4.891566265060246224e+03 -2.974978004785222650e-03
4.887951807228921098e+03 -2.959344023856935128e-03
4.884337349397595972e+03 -2.905148541620044145e-03
4.880722891566270846e+03 -2.750869591916337096e-03
4.877108433734945720e+03 -2.894121295648031597e-03
4.873493975903620594e+03 -2.161267915706864204e-03
4.869879518072295468e+03 -1.101146008047596339e-03
4.866265060240970342e+03 7.242393163449387453e-04
4.862650602409645217e+03 3.563514476487523747e-03
4.859036144578320091e+03 5.451164847845680478e-03
4.855421686746994965e+03 2.684305291707851128e-03
4.851807228915669839e+03 -1.069673058382081005e-03
4.848192771084344713e+03 -2.091232549608598485e-04
4.844578313253019587e+03 6.626563114061171343e-03
4.840963855421694461e+03 1.362276042822835494e-02
4.837349397590369335e+03 1.151337181554218554e-02
4.833734939759044209e+03 3.374627361790490630e-03
4.830120481927719084e+03 -7.156536215972687884e-04
4.826506024096393958e+03 -9.290807054217282892e-04
4.822891566265068832e+03 -1.300238587232586344e-03
4.819277108433743706e+03 -2.459093239117617503e-03
4.815662650602418580e+03 -2.424144647941587141e-03
4.812048192771093454e+03 -1.956320372229016381e-03
4.808433734939768328e+03 -1.923580890743976880e-03
4.804819277108443202e+03 -2.116512854170992698e-03
4.801204819277118077e+03 -2.180383028890548955e-03
4.797590361445792951e+03 -2.382466233788114920e-03
4.793975903614467825e+03 -2.634469460907530418e-03
4.790361445783142699e+03 -2.114354991432237235e-03
4.786746987951817573e+03 -2.007901344777770927e-04
4.783132530120492447e+03 1.290033122744629022e-03
4.779518072289167321e+03 3.519119058741444674e-04
4.775903614457842195e+03 -1.815739000758428284e-03
4.772289156626517070e+03 -3.235731648998778267e-03
4.768674698795191944e+03 -3.402622839697197303e-03
4.765060240963866818e+03 -3.475808978233773001e-03
4.761445783132541692e+03 -3.409442344841051055e-03
4.757831325301216566e+03 -3.740148078855489843e-03
4.754216867469891440e+03 -3.383624862404335451e-03
4.750602409638566314e+03 -2.871407914318126718e-03
4.746987951807241188e+03 -4.715479158669377943e-04
4.743373493975916062e+03 5.059760759405377943e-03
4.739759036144590937e+03 9.238678837428590182e-03
4.736144578313265811e+03 5.869896373565339567e-03
4.732530120481940685e+03 -5.636057445640818390e-04
4.728915662650615559e+03 -2.827139698828488347e-03
4.725301204819290433e+03 -3.417568647266899101e-03
4.721686746987965307e+03 -3.338593433376053302e-03
4.718072289156640181e+03 -3.106426437268201921e-03
4.714457831325315055e+03 -2.188375723190927064e-03
4.710843373493989930e+03 -5.268726613012943844e-04
4.707228915662664804e+03 1.378406661625729670e-03
4.703614457831339678e+03 2.438814088018878730e-03
4.700000000000014552e+03 2.886641070870003996e-03
4.696385542168689426e+03 8.240610583056973571e-04
4.692771084337364300e+03 -1.979178343174156033e-03
4.689156626506039174e+03 -2.401467871577564472e-03
4.685542168674714048e+03 -2.391588191285958908e-03
4.681927710843388923e+03 -2.232966062380328624e-03
4.678313253012063797e+03 -2.700967872177428668e-03
4.674698795180738671e+03 -2.802971270104766266e-03
4.671084337349413545e+03 -2.882954950805666477e-03
4.667469879518088419e+03 -3.164877246788898313e-03
4.663855421686763293e+03 -3.367906690054519106e-03
4.660240963855438167e+03 -3.386053601890619356e-03
4.656626506024113041e+03 -3.319066514326193904e-03
4.653012048192787915e+03 -3.213792462697281568e-03
4.649397590361462790e+03 -3.365121052150883436e-03
4.645783132530137664e+03 -3.456261926452678431e-03
4.642168674698812538e+03 -3.420998532570061149e-03
4.638554216867487412e+03 -3.295324533454999007e-03
4.634939759036162286e+03 -1.373560164142926480e-03
4.631325301204837160e+03 1.458866206883098829e-03
4.627710843373512034e+03 3.909321589176664377e-03
4.624096385542186908e+03 1.566085812448649852e-03
4.620481927710861783e+03 -1.863636598615286575e-03
4.616867469879536657e+03 -3.041608193932296769e-03
4.613253012048211531e+03 -3.387334775696496277e-03
4.609638554216886405e+03 -2.924671800173315409e-03
4.606024096385561279e+03 -2.572784602651141499e-03
4.602409638554236153e+03 -2.581966958342691437e-03
4.598795180722911027e+03 -2.949455192323858794e-03
4.595180722891585901e+03 -2.908367948369383702e-03
4.591566265060260775e+03 -3.124677673257066600e-03
4.587951807228935650e+03 -2.648448897377942649e-03
4.584337349397610524e+03 -1.428664364657842884e-04
4.580722891566285398e+03 4.251460884284408159e-03
4.577108433734960272e+03 7.498266450586698988e-03
4.573493975903635146e+03 4.089267940956970056e-03
4.569879518072310020e+03 -5.550950899964703696e-04
4.566265060240984894e+03 -1.350253782365729970e-03
4.562650602409659768e+03 3.471459393162820749e-04
4.559036144578334643e+03 2.307577964338016450e-03
4.555421686747009517e+03 2.907537015643857706e-03
4.551807228915684391e+03 1.612488097449220380e-03
4.548192771084359265e+03 1.714410964451617289e-03
4.544578313253034139e+03 1.903429857025826059e-03
4.540963855421709013e+03 -4.623143132231528917e-04
4.537349397590383887e+03 -2.469260268391398547e-03
4.533734939759058761e+03 -2.714742320838900175e-03
4.530120481927733636e+03 -2.782809254896850392e-03
4.526506024096408510e+03 -2.767868938072030795e-03
4.522891566265083384e+03 -2.636837802200108806e-03
4.519277108433758258e+03 -1.950904667526744867e-03
4.515662650602433132e+03 1.436570122164251015e-03
4.512048192771108006e+03 5.963131051915595941e-03
4.508433734939782880e+03 7.099859832173131650e-03
4.504819277108457754e+03 2.369610569770286366e-03
4.501204819277132628e+03 -1.547871181425667384e-03
4.497590361445807503e+03 -2.340268029119115054e-03
4.493975903614482377e+03 -2.376746707869021105e-03
4.490361445783157251e+03 -2.460696536623258046e-03
4.486746987951832125e+03 -2.593396858939408297e-03
4.483132530120506999e+03 -2.271188967754521858e-03
4.479518072289181873e+03 -1.169218432850428974e-03
4.475903614457856747e+03 6.571506500001902399e-06
4.472289156626531621e+03 5.398399704650636358e-04
4.468674698795206496e+03 -5.729509923538074392e-04
4.465060240963881370e+03 -2.004192346609757081e-03
4.461445783132556244e+03 -2.105816883140214108e-03
4.457831325301231118e+03 -2.402955863440676184e-03
4.454216867469905992e+03 -2.578396143920882750e-03
4.450602409638580866e+03 -1.778941858805347179e-03
4.446987951807255740e+03 -5.126479715594716271e-04
4.443373493975930614e+03 8.559641163203285516e-04
4.439759036144605489e+03 8.106380173166947631e-04
4.436144578313280363e+03 1.105985184537223043e-03
4.432530120481955237e+03 6.406994632085826012e-04
4.428915662650630111e+03 -7.683135255154013377e-04
4.425301204819304985e+03 -2.426229300748578618e-03
4.421686746987979859e+03 -2.730947339234950089e-03
4.418072289156654733e+03 -2.840676215211725922e-03
4.414457831325329607e+03 -2.314655534491339740e-03
4.410843373494004481e+03 -1.882863356944912024e-03
4.407228915662679356e+03 -1.553709673483878164e-03
4.403614457831354230e+03 -1.671784481681795739e-03
4.400000000000029104e+03 -1.411294393222592078e-03
4.396385542168703978e+03 -8.989676302387367146e-04
4.392771084337378852e+03 5.111343562202426503e-04
4.389156626506053726e+03 2.406782912623659908e-03
4.385542168674728600e+03 3.067004719261366957e-03
4.381927710843403474e+03 1.186303800675945564e-03
4.378313253012078349e+03 -1.492462244569781700e-03
4.374698795180753223e+03 -2.886287832949240798e-03
4.371084337349428097e+03 -3.096414979099420053e-03
4.367469879518102971e+03 -2.862770972618221797e-03
4.363855421686777845e+03 -2.164525757670380038e-03
4.360240963855452719e+03 -1.407417927335667023e-03
4.356626506024127593e+03 -8.963613566679240691e-04
4.353012048192802467e+03 -1.602471148535556528e-03
4.349397590361477342e+03 -2.185919529980231719e-03
4.345783132530152216e+03 -1.715159536003908313e-03
4.342168674698827090e+03 -3.981659407628920333e-04
4.338554216867501964e+03 1.111056802560201912e-03
4.334939759036176838e+03 2.572500914165554587e-03
4.331325301204851712e+03 3.362922923949657195e-03
4.327710843373526586e+03 3.176740916231319059e-03
4.324096385542201460e+03 2.170900512478765067e-03
4.320481927710876334e+03 -2.825628828861700661e-05
4.316867469879551209e+03 -1.579252618676477192e-03
4.313253012048226083e+03 -1.564515459412303602e-03
4.309638554216900957e+03 3.037086565521698086e-04
4.306024096385575831e+03 2.527791608837035627e-03
4.302409638554250705e+03 4.947923437393786893e-03
4.298795180722925579e+03 5.156126992586856916e-03
4.295180722891600453e+03 4.444978527165539123e-03
4.291566265060275327e+03 4.451545458044806405e-03
4.287951807228950202e+03 4.172853550300678963e-03
4.284337349397625076e+03 2.872978267354473186e-03
4.280722891566299950e+03 -1.260006984355607697e-04
4.277108433734974824e+03 -2.042034560338775243e-03
4.273493975903649698e+03 -2.360549010466147461e-03
4.269879518072324572e+03 -1.922114861860394841e-03
4.266265060240999446e+03 -1.346470659141804508e-03
4.262650602409674320e+03 -4.632843448190311891e-04
4.259036144578349194e+03 4.882031753433386319e-04
4.255421686747024069e+03 5.045838975756230561e-04
4.251807228915698943e+03 5.015072501932240972e-04
4.248192771084373817e+03 -1.142651463737275421e-04
4.244578313253048691e+03 -1.196961336492548093e-03
4.240963855421723565e+03 -1.547929749371078833e-03
4.237349397590398439e+03 -3.589492105649973587e-04
4.233734939759073313e+03 2.627792715130617372e-03
4.230120481927748187e+03 6.012567888587800474e-03
4.226506024096423062e+03 8.057275526560122789e-03
4.222891566265097936e+03 6.306544199836040809e-03
4.219277108433772810e+03 3.272283537680448738e-03
4.215662650602447684e+03 3.476945562424415583e-03
4.212048192771122558e+03 4.313713119511970902e-03
4.208433734939797432e+03 4.596169847997082919e-03
4.204819277108472306e+03 2.736597315718867617e-03
4.201204819277147180e+03 -1.600323352162418380e-04
4.197590361445822055e+03 -1.929626200859422235e-03
4.193975903614496929e+03 -2.261254380014092544e-03
4.190361445783171803e+03 -2.000665458147007306e-03
4.186746987951846677e+03 -1.727003072715093887e-03
4.183132530120521551e+03 -9.047237611237126309e-04
4.179518072289196425e+03 -3.922267850485051206e-04
4.175903614457871299e+03 -3.082915982806212047e-04
4.172289156626546173e+03 -3.576387527864146047e-04
4.168674698795221047e+03 -7.975352697791613992e-04
4.165060240963895922e+03 -1.261005384800044631e-03
4.161445783132570796e+03 -1.629516727577619587e-03
4.157831325301245670e+03 -1.296499389967719577e-03
4.154216867469920544e+03 1.193408824553680511e-03
4.150602409638595418e+03 4.899963611094929235e-03
4.146987951807270292e+03 8.231524315400863892e-03
4.143373493975945166e+03 1.090897075162653926e-02
4.139759036144620040e+03 7.556691636631278006e-03
4.136144578313294915e+03 2.903938747497637578e-03
4.132530120481969789e+03 7.746022586539632595e-04
4.128915662650644663e+03 -1.638868381236374639e-04
4.125301204819319537e+03 -1.011840872784793618e-03
4.121686746987994411e+03 -1.288072926821637364e-03
4.118072289156669285e+03 -1.578575426807656522e-03
4.114457831325344159e+03 -1.674008233359139354e-03
4.110843373494019033e+03 -2.258041379133782765e-04
4.107228915662693908e+03 1.485543906018045937e-03
4.103614457831368782e+03 2.811291578849790199e-03
4.100000000000043656e+03 3.362091991224131632e-03
4.096385542168718530e+03 1.685284393099150888e-03
4.092771084337393404e+03 -1.166015498335736455e-03
4.089156626506068278e+03 -2.085598130235180852e-03
4.085542168674743152e+03 -2.046059276337522988e-03
4.081927710843418026e+03 -1.261331168996396171e-03
4.078313253012092900e+03 -5.191252202723268009e-04
4.074698795180767775e+03 9.505303003045502375e-05
4.071084337349442649e+03 4.974312872422411705e-04
4.067469879518117523e+03 -2.239464358948566275e-04
4.063855421686792397e+03 -1.639286592971578738e-03
4.060240963855467271e+03 -2.629114154398964637e-03
4.056626506024142145e+03 -2.325087949767766591e-03
4.053012048192817019e+03 -2.005759039149515414e-03
4.049397590361491893e+03 -1.360166407126629610e-03
4.045783132530166768e+03 -1.107983815674391196e-03
4.042168674698841642e+03 -4.771960621025612016e-04
4.038554216867516516e+03 -5.450415361169241987e-04
4.034939759036191390e+03 -1.583231578467872176e-03
4.031325301204866264e+03 -2.040207972541253304e-03
4.027710843373541138e+03 -2.194402730823431531e-03
4.024096385542216012e+03 -1.515894913479271877e-03
4.020481927710890886e+03 -5.972768224308231972e-04
4.016867469879565760e+03 3.738876971415230508e-04
4.013253012048240635e+03 7.765020563832494014e-04
4.009638554216915509e+03 8.935171508188771662e-04
4.006024096385590383e+03 4.626474184126809172e-04
4.002409638554265257e+03 -5.660143513191305716e-04
3.998795180722940131e+03 -1.731225455529605654e-03
3.995180722891615005e+03 -1.675380919579721800e-03
3.991566265060289879e+03 -1.057064477883957370e-03
3.987951807228964753e+03 -6.850353978851028659e-04
3.984337349397639628e+03 -4.131831280160644555e-04
3.980722891566314502e+03 -6.127588927506995688e-04
3.977108433734989376e+03 -4.751223907853345616e-04
3.973493975903664250e+03 -9.221898205944041842e-04
3.969879518072339124e+03 -1.481879748933237657e-03
3.966265060241013998e+03 -1.877341497841582231e-03
3.962650602409688872e+03 -2.117537793215694582e-03
3.959036144578363746e+03 -2.148064504513154654e-03
3.955421686747038621e+03 -1.877332346600111678e-03
3.951807228915713495e+03 -2.405465133851900777e-03
3.948192771084388369e+03 -2.637648602194399630e-03
3.944578313253063243e+03 -2.577524945732886409e-03
3.940963855421738117e+03 -2.919224981250044103e-03
3.937349397590412991e+03 -2.632379317355656740e-03
3.933734939759087865e+03 -2.733742128380056095e-03
3.930120481927762739e+03 -2.464153875650831535e-03
3.926506024096437613e+03 -2.688339158948069643e-03
3.922891566265112488e+03 -2.536585951890234225e-03
3.919277108433787362e+03 -2.552889803694165932e-03
3.915662650602462236e+03 -2.602507834947487882e-03
3.912048192771137110e+03 -2.620757240688058494e-03
3.908433734939811984e+03 -2.323418763323538330e-03
3.904819277108486858e+03 -2.423178276842297141e-03
3.901204819277161732e+03 -2.788429947408062413e-03
3.897590361445836606e+03 -2.683629930087324741e-03
3.893975903614511481e+03 -2.597796775838448480e-03
3.890361445783186355e+03 -2.388101568285679478e-03
3.886746987951861229e+03 -2.395298104578119733e-03
3.883132530120536103e+03 -2.103135569389342867e-03
3.879518072289210977e+03 -1.893508081023455650e-03
3.875903614457885851e+03 -1.554247766482346480e-03
3.872289156626560725e+03 -1.431059244550685842e-03
3.868674698795235599e+03 -1.705018130206244860e-03
3.865060240963910474e+03 -2.187661926356224400e-03
3.861445783132585348e+03 -2.216826932922866863e-03
3.857831325301260222e+03 -2.298668315642289021e-03
3.854216867469935096e+03 -2.384402636483283055e-03
3.850602409638609970e+03 -2.119816452341861512e-03
3.846987951807284844e+03 -2.487643282257439095e-03
3.843373493975959718e+03 -2.700442590917018822e-03
3.839759036144634592e+03 -2.703012259521949366e-03
3.836144578313309466e+03 -3.078205838821319786e-03
3.832530120481984341e+03 -3.032755282933686722e-03
3.828915662650659215e+03 -2.871603750885596672e-03
3.825301204819334089e+03 -2.848612171814987083e-03
3.821686746988008963e+03 -2.893610656373975156e-03
3.818072289156683837e+03 -2.677718228097349541e-03
3.814457831325358711e+03 -2.849490690996159693e-03
3.810843373494033585e+03 -2.509695943953170558e-03
3.807228915662708459e+03 -2.463105143378306779e-03
3.803614457831383334e+03 -2.687777272721778021e-03
3.800000000000058208e+03 -2.608651978470814814e-03
3.796385542168733082e+03 -2.711777318602442022e-03
3.792771084337407956e+03 -2.681332968478216706e-03
3.789156626506082830e+03 -2.840063082033199120e-03
3.785542168674757704e+03 -2.804750271446641158e-03
3.781927710843432578e+03 -2.896015602632435321e-03
3.778313253012107452e+03 -2.900408198538299669e-03
3.774698795180782326e+03 -3.018669692062215994e-03
3.771084337349457201e+03 -2.835906588157275504e-03
3.767469879518132075e+03 -2.966602788591375401e-03
3.763855421686806949e+03 -2.989164259312869238e-03
3.760240963855481823e+03 -3.141548902032172564e-03
3.756626506024156697e+03 -3.103086234131450898e-03
3.753012048192831571e+03 -3.213799783690458271e-03
3.749397590361506445e+03 -3.251312552726536541e-03
3.745783132530181319e+03 -3.456498028482618730e-03
3.742168674698856194e+03 -3.568082776229622010e-03
3.738554216867531068e+03 -3.455273592373859191e-03
3.734939759036205942e+03 -3.499823666100790407e-03
3.731325301204880816e+03 -3.384640650207566565e-03
3.727710843373555690e+03 -3.573236755425835635e-03
3.724096385542230564e+03 -3.371686152781856217e-03
3.720481927710905438e+03 -3.153006256353300864e-03
3.716867469879580312e+03 -3.219674880714551261e-03
3.713253012048255187e+03 -3.175928285988734168e-03
3.709638554216930061e+03 -3.084992399495879896e-03
3.706024096385604935e+03 -2.142158293268062088e-03
3.702409638554279809e+03 -2.737177504428100344e-03
3.698795180722954683e+03 -3.313478766284275959e-03
3.695180722891629557e+03 -3.580965893971862438e-03
3.691566265060304431e+03 -3.495903274254806656e-03
3.687951807228979305e+03 -3.335211134528538301e-03
3.684337349397654179e+03 -3.471901398125848155e-03
3.680722891566329054e+03 -3.794122101048793497e-03
3.677108433735003928e+03 -3.570011857931613877e-03
3.673493975903678802e+03 -3.550384275225578617e-03
3.669879518072353676e+03 -3.480939164202163320e-03
3.666265060241028550e+03 -3.735393093787392396e-03
3.662650602409703424e+03 -3.796424553402783734e-03
3.659036144578378298e+03 -3.856617759299473241e-03
3.655421686747053172e+03 -3.885416716207293602e-03
3.651807228915728047e+03 -3.892331394262441013e-03
3.648192771084402921e+03 -3.850281439705264489e-03
3.644578313253077795e+03 -3.762204401047809441e-03
3.640963855421752669e+03 -3.813414748317006664e-03
3.637349397590427543e+03 -3.625940585303026771e-03
3.633734939759102417e+03 -3.677507830989575760e-03
3.630120481927777291e+03 -3.982048335391418815e-03
3.626506024096452165e+03 -9.037061430721874495e-04
3.622891566265127040e+03 -3.652338256448975102e-03
3.619277108433801914e+03 -3.907125291223732637e-03
3.615662650602476788e+03 -3.972144861871989077e-03
3.612048192771151662e+03 -3.932713992623683777e-03
3.608433734939826536e+03 -4.212443651150571573e-03
3.604819277108501410e+03 -4.254475303224807860e-03
3.601204819277176284e+03 -4.325364480152275523e-03
3.597590361445851158e+03 -4.191240224663307645e-03
3.593975903614526032e+03 -4.205499689122718654e-03
3.590361445783200907e+03 -4.009520362286009276e-03
3.586746987951875781e+03 -4.228083122823741297e-03
3.583132530120550655e+03 -4.067996795282823042e-03
3.579518072289225529e+03 -4.049904790895546107e-03
3.575903614457900403e+03 -4.132853473832904904e-03
3.572289156626575277e+03 -4.072570585769804373e-03
3.568674698795250151e+03 -4.140745504477107153e-03
3.565060240963925025e+03 -4.368915238310622229e-03
3.561445783132599900e+03 -4.202426702236907938e-03
3.557831325301274774e+03 -4.156342880439512465e-03
3.554216867469949648e+03 -4.557352111927303988e-03
3.550602409638624522e+03 -4.543460527375009148e-03
3.546987951807299396e+03 -4.370998060869320072e-03
3.543373493975974270e+03 -4.528148670146485248e-03
3.539759036144649144e+03 -4.327970753723087843e-03
3.536144578313324018e+03 -4.322018786270642732e-03
3.532530120481998893e+03 -4.437377506000100488e-03
3.528915662650673767e+03 -4.702604277044461142e-03
3.525301204819348641e+03 -4.382612816543741616e-03
3.521686746988023515e+03 -1.425046650123497627e-01
