9.069090909091279173e+03 -8.375410657279178106e-02
9.065454545454915205e+03 5.476873856517269074e-02
9.061818181818551238e+03 8.569826099061828018e-02
9.058181818182187271e+03 1.056396050013126420e-01
9.054545454545823304e+03 9.848810217461285987e-02
9.050909090909459337e+03 7.257468325765401018e-02
9.047272727273095370e+03 4.571199795653589637e-02
9.043636363636731403e+03 2.481680922202810641e-02
9.040000000000367436e+03 1.071557400748079231e-02
9.036363636364003469e+03 4.194862148151199364e-03
9.032727272727639502e+03 2.035609635410092020e-03
9.029090909091275535e+03 1.408143468181323726e-03
9.025454545454911568e+03 1.376280800159431677e-03
9.021818181818547600e+03 1.177307985930688920e-03
9.018181818182183633e+03 1.119770971591555874e-03
9.014545454545819666e+03 7.140030768554173762e-04
9.010909090909455699e+03 9.272186160142750159e-04
9.007272727273091732e+03 8.336704217650882463e-04
9.003636363636727765e+03 8.505714891506136214e-04
9.000000000000363798e+03 7.879484291897488569e-04
8.996363636363999831e+03 6.752706528656559097e-04
8.992727272727635864e+03 6.312784549584850389e-04
8.989090909091271897e+03 3.299407354749207409e-04
8.985454545454907930e+03 1.472594419391106129e-04
8.981818181818543962e+03 7.006267469171080617e-05
8.978181818182179995e+03 7.785498781593665023e-05
8.974545454545816028e+03 1.049116722099908760e-04
8.970909090909452061e+03 2.296658115702543279e-06
8.967272727273088094e+03 -1.937242727442435759e-04
8.963636363636724127e+03 -2.213964944617759461e-04
8.960000000000360160e+03 -2.608208363188047768e-04
8.956363636363996193e+03 8.125317318569803089e-05
8.952727272727632226e+03 1.636423197530461194e-04
8.949090909091268259e+03 -2.296658115702543279e-06
8.945454545454904292e+03 4.712155371594846381e-05
8.941818181818540324e+03 1.955618987683498849e-04
8.938181818182176357e+03 -1.554231741782332438e-04
8.934545454545812390e+03 -2.035339308191386903e-04
8.930909090909448423e+03 -3.283689436963555002e-05
8.927272727273084456e+03 -1.130140004825378234e-04
8.923636363636720489e+03 -1.534537542746474163e-04
8.920000000000356522e+03 -1.190795142540378615e-04
8.916363636363992555e+03 -2.216990213214902611e-04
8.912727272727628588e+03 -1.793227960956647203e-04
8.909090909091264621e+03 -1.219160779782899794e-04
8.905454545454900654e+03 -2.775796262208012001e-04
8.901818181818536686e+03 -2.117950108101495971e-04
8.898181818182172719e+03 -1.778491008978484234e-04
8.894545454545808752e+03 -1.686519848309887544e-04
8.890909090909444785e+03 -3.806619095241532236e-04
8.887272727273080818e+03 -4.801168658263760855e-04
8.883636363636716851e+03 -4.981741249727899201e-04
8.880000000000352884e+03 -5.805572809092525563e-04
8.876363636363988917e+03 -6.460154069366481162e-04
8.872727272727624950e+03 -5.231909995503544698e-04
8.869090909091260983e+03 -4.501936645536426290e-04
8.865454545454897016e+03 -4.082787179059953219e-04
8.861818181818533048e+03 -4.782268217820222580e-04
8.858181818182169081e+03 -1.646532387149627925e-04
8.854545454545805114e+03 -5.257504965961553233e-04
8.850909090909441147e+03 -4.557095379414042549e-04
8.847272727273077180e+03 -4.471968514532051616e-04
8.843636363636713213e+03 -6.073039501549856245e-04
8.840000000000349246e+03 -5.294886502686650285e-04
8.836363636363985279e+03 -4.206014456373292237e-04
8.832727272727621312e+03 -3.253294473508593337e-04
8.829090909091257345e+03 -4.503823694265337283e-04
8.825454545454893378e+03 -5.201612379800472311e-04
8.821818181818529411e+03 -5.160606511389688499e-04
8.818181818182165443e+03 -1.487076769556638185e-04
8.814545454545801476e+03 3.596999432271655078e-05
8.810909090909437509e+03 -6.641138516703993004e-05
8.807272727273073542e+03 -2.572474249956445240e-04
8.803636363636709575e+03 -9.969233505105812624e-05
8.800000000000345608e+03 2.621275426806896850e-05
8.796363636363981641e+03 -1.278752580515735767e-04
8.792727272727617674e+03 -2.132462411421455289e-04
8.789090909091253707e+03 -3.829563211532737311e-04
8.785454545454889740e+03 -5.081065909808363474e-04
8.781818181818525773e+03 -4.795028261606193313e-04
8.778181818182161805e+03 -5.137228074359289753e-04
8.774545454545797838e+03 -7.089784352002611104e-04
8.770909090909433871e+03 -6.970031640602823621e-04
8.767272727273069904e+03 -5.151321033517268760e-04
8.763636363636705937e+03 -5.513140162420156675e-04
8.760000000000341970e+03 -5.543003457384034849e-04
8.756363636363978003e+03 -5.766004692094245983e-04
8.752727272727614036e+03 -4.223641887753676219e-04
8.749090909091250069e+03 -4.167165215081264774e-04
8.745454545454886102e+03 -2.168555962506183874e-04
8.741818181818522135e+03 -1.841093101731250132e-04
8.738181818182158167e+03 3.486524710455679707e-04
8.734545454545794200e+03 6.686315361868757582e-04
8.730909090909430233e+03 6.888813662373577352e-04
8.727272727273066266e+03 6.423850846200762285e-04
8.723636363636702299e+03 4.808911548683182029e-04
8.720000000000338332e+03 4.045240899985507311e-04
8.716363636363974365e+03 2.426422668969609924e-04
8.712727272727610398e+03 2.283725841278616553e-04
8.709090909091246431e+03 -1.642443781570320502e-04
8.705454545454882464e+03 -1.582522496138785597e-04
8.701818181818518497e+03 -4.185017295119852678e-04
8.698181818182154529e+03 -4.515804956036201375e-04
8.694545454545790562e+03 -6.094366147501995143e-04
8.690909090909426595e+03 -5.871544631718346495e-04
8.687272727273062628e+03 -6.261100381620784581e-04
8.683636363636698661e+03 -5.345162872392639122e-04
8.680000000000334694e+03 -5.668132760003498491e-04
8.676363636363970727e+03 -6.673720060432136248e-04
8.672727272727606760e+03 -3.092760542356225964e-04
8.669090909091242793e+03 -2.692062219006884408e-04
8.665454545454878826e+03 -2.083399144469766221e-04
8.661818181818514859e+03 1.365077571574812838e-04
8.658181818182150892e+03 2.659982390615395361e-04
8.654545454545786924e+03 9.888659519696750588e-05
8.650909090909422957e+03 2.974280840019591691e-04
8.647272727273058990e+03 3.554518371005334311e-04
8.643636363636695023e+03 6.127134898445309045e-04
8.640000000000331056e+03 9.564484017620197452e-04
8.636363636363967089e+03 1.724934020033860220e-03
8.632727272727603122e+03 3.188818062117548032e-03
8.629090909091239155e+03 5.817144461476598909e-03
8.625454545454875188e+03 8.582630847930781959e-03
8.621818181818511221e+03 9.873486000492811415e-03
8.618181818182147254e+03 8.296671077930120944e-03
8.614545454545783286e+03 6.223912791570604050e-03
8.610909090909419319e+03 4.001095192161897157e-03
8.607272727273055352e+03 2.361458021161401931e-03
8.603636363636691385e+03 1.098092376074898385e-03
8.600000000000327418e+03 4.638642842341987073e-04
8.596363636363963451e+03 1.516505743781323501e-04
8.592727272727599484e+03 3.064260115918782785e-04
8.589090909091235517e+03 3.021487011396797027e-04
8.585454545454871550e+03 4.890129526912427756e-04
8.581818181818507583e+03 3.523816387717494973e-04
8.578181818182143616e+03 2.545696129898563655e-04
8.574545454545779648e+03 2.143874563258203574e-04
8.570909090909415681e+03 4.860296185102976302e-04
8.567272727273051714e+03 6.541192328669163860e-04
8.563636363636687747e+03 4.274966617864615968e-04
8.560000000000323780e+03 3.460285747177487209e-04
8.556363636363959813e+03 5.918586060746202976e-04
8.552727272727595846e+03 7.770829224212963664e-04
8.549090909091231879e+03 3.443781559088121753e-04
8.545454545454867912e+03 4.125680096199647482e-04
8.541818181818503945e+03 2.986486750448659705e-04
8.538181818182139978e+03 3.106374251043370407e-04
8.534545454545776010e+03 3.262400232454450047e-04
8.530909090909412043e+03 4.423414451205624374e-04
8.527272727273048076e+03 1.050423428461793587e-03
8.523636363636684109e+03 1.442311031436385987e-03
8.520000000000320142e+03 1.807462448769294643e-03
8.516363636363956175e+03 2.306374170169853393e-03
8.512727272727592208e+03 3.308868807403886770e-03
8.509090909091228241e+03 4.249890585807058335e-03
8.505454545454864274e+03 5.089902839193236918e-03
8.501818181818500307e+03 6.309328704392816976e-03
8.498181818182136340e+03 8.145159036891214815e-03
8.494545454545772373e+03 1.383940795223975555e-02
8.490909090909408405e+03 2.775516275097003951e-02
8.487272727273044438e+03 4.977551327603741554e-02
8.483636363636680471e+03 6.617197784082110013e-02
8.480000000000316504e+03 6.701382622257366639e-02
8.476363636363952537e+03 5.319781542808581926e-02
8.472727272727588570e+03 3.537503256984327743e-02
8.469090909091224603e+03 1.999457451025572069e-02
8.465454545454860636e+03 8.891665030444405662e-03
8.461818181818496669e+03 4.231048554014652137e-03
8.458181818182132702e+03 2.923265376228112444e-03
8.454545454545768735e+03 2.570662832942462867e-03
8.450909090909404767e+03 2.740600556927237554e-03
8.447272727273040800e+03 2.497228181891114358e-03
8.443636363636676833e+03 2.288830607621865527e-03
8.440000000000312866e+03 2.350246555459315542e-03
8.436363636363948899e+03 2.677435344871241085e-03
8.432727272727584932e+03 3.785989608958686015e-03
8.429090909091220965e+03 5.176078064480177897e-03
8.425454545454856998e+03 6.988504499766914034e-03
8.421818181818493031e+03 9.081743255466002279e-03
8.418181818182129064e+03 1.160368204093066395e-02
8.414545454545765097e+03 1.521828044908599652e-02
8.410909090909401129e+03 1.871730311322640852e-02
8.407272727273037162e+03 2.332444122774190998e-02
8.403636363636673195e+03 3.188232253299838614e-02
8.400000000000309228e+03 5.473908044931663497e-02
8.396363636363945261e+03 1.061347066814700701e-01
8.392727272727581294e+03 1.682004672370094323e-01
8.389090909091217327e+03 2.052574285854177616e-01
8.385454545454853360e+03 1.995034216293293250e-01
8.381818181818489393e+03 1.859939289523832306e-01
8.378181818182125426e+03 1.879915063187882762e-01
8.374545454545761459e+03 1.850189717476717899e-01
8.370909090909397491e+03 1.595703598904827381e-01
8.367272727273033524e+03 1.173703281049440772e-01
8.363636363636669557e+03 7.505496169828365649e-02
8.360000000000305590e+03 4.053586672520661377e-02
8.356363636363941623e+03 1.678349002196588211e-02
8.352727272727577656e+03 6.584718006196131970e-03
8.349090909091213689e+03 4.393162514063052478e-03
8.345454545454849722e+03 4.464554359982469099e-03
8.341818181818485755e+03 4.182844942595022666e-03
8.338181818182121788e+03 3.285189341171494692e-03
8.334545454545757821e+03 2.519466901395559909e-03
8.330909090909393854e+03 1.896960976539929485e-03
8.327272727273029886e+03 1.146712336341065711e-03
8.323636363636665919e+03 7.104985577874395547e-04
8.320000000000301952e+03 5.528341388291940035e-04
8.316363636363937985e+03 5.630376808848062834e-04
8.312727272727574018e+03 5.580789361693898852e-04
8.309090909091210051e+03 6.943418262894291435e-04
8.305454545454846084e+03 5.573166283892185642e-04
8.301818181818482117e+03 7.627488403701785519e-04
8.298181818182118150e+03 7.137949024321485567e-04
8.294545454545754183e+03 6.415883307123137732e-04
8.290909090909390216e+03 7.049692054801856610e-04
8.287272727273026248e+03 8.354032117486994910e-04
8.283636363636662281e+03 9.177159777722582786e-04
8.280000000000298314e+03 1.268455434852538673e-03
8.276363636363934347e+03 1.789634331254248657e-03
8.272727272727570380e+03 2.727850996745316472e-03
8.269090909091206413e+03 3.554161179638790514e-03
8.265454545454842446e+03 4.530306026923250524e-03
8.261818181818478479e+03 5.786858827035296776e-03
8.258181818182114512e+03 7.516894618096963028e-03
8.254545454545750545e+03 9.663050114064795221e-03
8.250909090909386578e+03 1.293431348491424181e-02
8.247272727273022610e+03 2.138460006415291575e-02
8.243636363636658643e+03 4.628766613381377765e-02
8.240000000000294676e+03 8.721047594502791267e-02
8.236363636363930709e+03 1.181854687565516704e-01
8.232727272727566742e+03 1.190895103704990715e-01
8.229090909091202775e+03 9.154967560490386014e-02
8.225454545454838808e+03 5.965499814453312927e-02
8.221818181818474841e+03 3.345486014510887923e-02
8.218181818182110874e+03 1.345366374123817266e-02
8.214545454545746907e+03 4.179797209132059613e-03
8.210909090909382940e+03 1.550647098026262070e-03
8.207272727273018972e+03 9.940366152526637113e-04
8.203636363636655005e+03 6.976771100348934775e-04
8.200000000000291038e+03 8.353253335471888270e-04
8.196363636363927071e+03 9.034852341039143007e-04
8.192727272727563104e+03 6.935944950864714534e-04
8.189090909091199137e+03 9.340045031497483169e-04
8.185454545454835170e+03 8.029639455040844939e-04
8.181818181818471203e+03 7.775636705498522932e-04
8.178181818182107236e+03 5.521227514115489192e-04
8.174545454545743269e+03 8.476675308289004489e-04
8.170909090909379302e+03 7.872235628526116132e-04
8.167272727273015335e+03 9.077954930259827561e-04
8.163636363636651367e+03 1.061585471459074994e-03
8.160000000000287400e+03 1.456010106613647801e-03
8.156363636363923433e+03 1.760994622648718927e-03
8.152727272727559466e+03 2.083305540862181136e-03
8.149090909091195499e+03 2.129443882284058273e-03
8.145454545454831532e+03 2.382402764394594107e-03
8.141818181818467565e+03 2.780704835389762736e-03
8.138181818182103598e+03 3.432334212294921652e-03
8.134545454545739631e+03 4.207517355896675006e-03
8.130909090909375664e+03 5.545327073338722317e-03
8.127272727273011697e+03 7.557898988850023959e-03
8.123636363636647729e+03 1.051589579646529035e-02
8.120000000000283762e+03 1.427339321610399982e-02
8.116363636363919795e+03 2.036887362095068585e-02
8.112727272727555828e+03 2.837672065848804992e-02
8.109090909091191861e+03 4.039488471560657296e-02
8.105454545454827894e+03 6.017785142226731582e-02
8.101818181818463927e+03 1.147428194267008927e-01
8.098181818182099960e+03 2.461738433981617014e-01
8.094545454545735993e+03 4.083705670075596372e-01
8.090909090909372026e+03 5.059539993008109748e-01
8.087272727273008059e+03 5.038887263077428402e-01
8.083636363636644091e+03 4.454635664937170447e-01
8.080000000000280124e+03 3.662130642083343823e-01
8.076363636363916157e+03 2.580628389697862679e-01
8.072727272727552190e+03 1.525347907479932819e-01
8.069090909091188223e+03 8.601812323845732522e-02
8.065454545454824256e+03 4.311788554782126914e-02
8.061818181818460289e+03 1.690274101802901816e-02
8.058181818182096322e+03 6.633697404315424921e-03
8.054545454545732355e+03 3.868655822204485409e-03
8.050909090909368388e+03 3.076221159310408258e-03
8.047272727273004421e+03 2.613820835498836988e-03
8.043636363636640453e+03 2.499169146297994422e-03
8.040000000000276486e+03 2.499390799640755292e-03
8.036363636363912519e+03 2.791717112614908267e-03
8.032727272727548552e+03 3.053946496020650426e-03
8.029090909091184585e+03 3.805210548154594908e-03
8.025454545454820618e+03 4.416984257778974049e-03
8.021818181818456651e+03 5.329671849751772654e-03
8.018181818182092684e+03 6.364361635021839603e-03
8.014545454545728717e+03 8.989776587770569732e-03
8.010909090909364750e+03 1.276691129545172616e-02
8.007272727273000783e+03 2.010970095695423579e-02
8.003636363636636815e+03 4.027040539643818307e-02
8.000000000000272848e+03 8.220606614802954126e-02
7.996363636363908881e+03 1.288553919101988743e-01
7.992727272727544914e+03 1.625083944183300100e-01
7.989090909091180947e+03 1.677547028951666963e-01
7.985454545454816980e+03 1.492923752601726384e-01
7.981818181818453013e+03 1.135573694245680387e-01
7.978181818182089046e+03 7.070385865483835852e-02
7.974545454545725079e+03 3.884558326304295151e-02
7.970909090909361112e+03 1.887368104420200990e-02
7.967272727272997145e+03 7.506089017637364302e-03
7.963636363636633178e+03 4.029207725249508813e-03
7.960000000000269210e+03 3.697364215639602821e-03
7.956363636363905243e+03 4.545048969532299379e-03
7.952727272727541276e+03 6.297980951838087413e-03
7.949090909091177309e+03 9.645275912227717005e-03
7.945454545454813342e+03 1.493883399251552321e-02
7.941818181818449375e+03 2.621203464353385679e-02
7.938181818182085408e+03 5.705145947812027135e-02
7.934545454545721441e+03 1.134653728037181841e-01
7.930909090909357474e+03 1.608515356811916208e-01
7.927272727272993507e+03 1.712672883476317187e-01
7.923636363636629540e+03 1.402054613414236428e-01
7.920000000000265572e+03 9.607217059798137115e-02
7.916363636363901605e+03 5.545722529860046962e-02
7.912727272727537638e+03 2.225275779909657858e-02
7.909090909091173671e+03 6.590370166436537204e-03
7.905454545454809704e+03 2.183382025118767514e-03
7.901818181818445737e+03 1.311162642434784455e-03
7.898181818182081770e+03 1.080734523084358892e-03
7.894545454545717803e+03 9.038072305140062816e-04
7.890909090909353836e+03 8.961646831619162184e-04
7.887272727272989869e+03 5.333076774581280155e-04
7.883636363636625902e+03 8.463391084300558300e-04
7.880000000000261934e+03 1.046397724506783252e-03
7.876363636363897967e+03 1.702789652965860543e-03
7.872727272727534000e+03 1.424580261673228168e-03
7.869090909091170033e+03 1.172954294934701151e-03
7.865454545454806066e+03 8.506808181642728020e-04
7.861818181818442099e+03 7.911668956329473033e-04
7.858181818182078132e+03 4.661736724405327915e-04
7.854545454545714165e+03 3.047785880983844048e-04
7.850909090909350198e+03 4.199799176829656540e-04
7.847272727272986231e+03 5.998710748838857439e-04
7.843636363636622264e+03 7.586512488445430052e-04
7.840000000000258296e+03 3.102420434658985393e-04
7.836363636363894329e+03 4.269065846442465437e-04
7.832727272727530362e+03 7.118891329817204439e-05
7.829090909091166395e+03 1.245070258362393630e-04
7.825454545454802428e+03 -1.340051711050920110e-04
7.821818181818438461e+03 -1.191611365998518723e-05
7.818181818182074494e+03 2.726358580825983245e-04
7.814545454545710527e+03 2.111165718623744195e-04
7.810909090909346560e+03 1.450294295920085015e-04
7.807272727272982593e+03 -5.862356501597815493e-05
7.803636363636618626e+03 2.473157078164587308e-05
7.800000000000254659e+03 2.862600503737923636e-04
7.796363636363890691e+03 1.306818686213985546e-04
7.792727272727526724e+03 -8.540393156044181827e-06
7.789090909091162757e+03 2.994064898518731480e-04
7.785454545454798790e+03 4.903009383316106994e-04
7.781818181818434823e+03 5.655477552258023717e-04
7.778181818182070856e+03 6.594074622810315806e-04
7.774545454545706889e+03 8.879665047952023989e-04
7.770909090909342922e+03 1.131536570650544657e-03
7.767272727272978955e+03 9.898386806596970542e-04
7.763636363636614988e+03 8.955206903417322565e-04
7.760000000000251021e+03 1.234473581154925002e-03
7.756363636363887053e+03 1.652152347749024069e-03
7.752727272727523086e+03 1.656534494241717519e-03
7.749090909091159119e+03 1.547618834113676086e-03
7.745454545454795152e+03 2.006173172896799726e-03
7.741818181818431185e+03 2.685632025580233541e-03
7.738181818182067218e+03 3.789516592892483958e-03
7.734545454545703251e+03 5.731649172795154172e-03
7.730909090909339284e+03 8.889130993579866247e-03
7.727272727272975317e+03 1.497397054031630349e-02
7.723636363636611350e+03 2.993243358375680466e-02
7.720000000000247383e+03 7.328529039562624303e-02
7.716363636363883415e+03 1.489055826887661083e-01
7.712727272727519448e+03 2.096095335618786415e-01
7.709090909091155481e+03 2.194451924724742653e-01
7.705454545454791514e+03 1.750850769741591484e-01
7.701818181818427547e+03 1.162309490496356429e-01
7.698181818182063580e+03 6.378150644545269032e-02
7.694545454545699613e+03 2.446610121575997290e-02
7.690909090909335646e+03 8.127088298825309309e-03
7.687272727272971679e+03 4.227672833510711867e-03
7.683636363636607712e+03 3.409409565554093972e-03
7.680000000000243745e+03 3.348162853039157120e-03
7.676363636363879777e+03 3.566734016209591185e-03
7.672727272727515810e+03 3.830408639316443958e-03
7.669090909091151843e+03 4.451771851330678029e-03
7.665454545454787876e+03 4.603646325538153158e-03
7.661818181818423909e+03 4.955094174720636561e-03
7.658181818182059942e+03 5.426935732807648682e-03
7.654545454545695975e+03 6.240566745432105274e-03
7.650909090909332008e+03 8.050408223491777385e-03
7.647272727272968041e+03 1.117717607972688008e-02
7.643636363636604074e+03 1.833988737681329848e-02
7.640000000000240107e+03 3.407557037835660246e-02
7.636363636363876140e+03 7.609613783914491447e-02
7.632727272727512172e+03 2.028519521573390605e-01
7.629090909091148205e+03 4.055170992206065805e-01
7.625454545454784238e+03 5.537404127019750488e-01
7.621818181818420271e+03 5.583436239579452343e-01
7.618181818182056304e+03 4.289240786118591053e-01
7.614545454545692337e+03 2.778023361610845732e-01
7.610909090909328370e+03 1.450098110246875738e-01
7.607272727272964403e+03 5.016724662026671167e-02
7.603636363636600436e+03 1.427039041237267679e-02
7.600000000000236469e+03 6.175589367533265532e-03
7.596363636363872502e+03 4.501904445895417092e-03
7.592727272727508534e+03 4.156484669041399758e-03
7.589090909091144567e+03 3.736977262369523076e-03
7.585454545454780600e+03 3.537373934240088409e-03
7.581818181818416633e+03 3.374533610196829569e-03
7.578181818182052666e+03 3.471306261520100238e-03
7.574545454545688699e+03 3.142035727875487367e-03
7.570909090909324732e+03 3.180732208079936011e-03
7.567272727272960765e+03 3.140415262220977704e-03
7.563636363636596798e+03 3.381810729064908122e-03
7.560000000000232831e+03 3.473268193135079385e-03
7.556363636363868864e+03 3.588551893894335008e-03
7.552727272727504896e+03 3.901169971335168019e-03
7.549090909091140929e+03 4.399454174150477584e-03
7.545454545454776962e+03 4.928380453944772831e-03
7.541818181818412995e+03 5.539258564251779877e-03
7.538181818182049028e+03 6.843666021534378432e-03
7.534545454545685061e+03 8.743338507378826258e-03
7.530909090909321094e+03 1.116299625642106289e-02
7.527272727272957127e+03 1.437667019491112828e-02
7.523636363636593160e+03 2.053405029103926374e-02
7.520000000000229193e+03 3.641175467664122672e-02
7.516363636363865226e+03 8.920752164294190600e-02
7.512727272727501258e+03 2.072689835913362755e-01
7.509090909091137291e+03 3.488859701120760604e-01
7.505454545454773324e+03 5.387090975963368944e-01
7.501818181818409357e+03 8.020210434164121160e-01
7.498181818182045390e+03 9.954347528696085856e-01
7.494545454545681423e+03 1.000000000000000000e+00
7.490909090909317456e+03 7.762490977407859871e-01
7.487272727272953489e+03 5.028148428199048503e-01
7.483636363636589522e+03 2.760881036542986999e-01
7.480000000000225555e+03 1.041984449198351120e-01
7.476363636363861588e+03 2.977398588981029076e-02
7.472727272727497621e+03 1.212199741576913681e-02
7.469090909091133653e+03 7.979215566049302488e-03
7.465454545454769686e+03 6.408045315438410001e-03
7.461818181818405719e+03 5.355480985263935678e-03
7.458181818182041752e+03 4.696152150013274684e-03
7.454545454545677785e+03 3.638097406632301474e-03
7.450909090909313818e+03 3.207953634823339662e-03
7.447272727272949851e+03 2.784020649584849350e-03
7.443636363636585884e+03 2.560989461720211170e-03
7.440000000000221917e+03 2.677799275697531015e-03
7.436363636363857950e+03 3.440120534788261922e-03
7.432727272727493983e+03 4.518847447697140092e-03
7.429090909091130015e+03 4.627480050515844767e-03
7.425454545454766048e+03 4.202777269208576860e-03
7.421818181818402081e+03 3.491337433543263962e-03
7.418181818182038114e+03 2.992497599713330424e-03
7.414545454545674147e+03 2.213119516834052922e-03
7.410909090909310180e+03 1.966299533723363593e-03
7.407272727272946213e+03 2.040462046427291964e-03
7.403636363636582246e+03 2.032633789517753527e-03
7.400000000000218279e+03 2.357302020984633224e-03
7.396363636363854312e+03 3.824696572767184201e-03
7.392727272727490345e+03 8.327765447540956545e-03
7.389090909091126377e+03 2.640196909341420428e-02
7.385454545454762410e+03 7.731961486848076825e-02
7.381818181818398443e+03 1.330993959523321390e-01
7.378181818182034476e+03 1.610774408742235431e-01
7.374545454545670509e+03 1.458250235638657855e-01
7.370909090909306542e+03 1.059864535436328276e-01
7.367272727272942575e+03 6.621608835368825163e-02
7.363636363636578608e+03 3.106789776178161058e-02
7.360000000000214641e+03 1.155395531160841212e-02
7.356363636363850674e+03 6.012705611416088031e-03
7.352727272727486707e+03 4.391417742817670979e-03
7.349090909091122739e+03 3.742913977576986431e-03
7.345454545454758772e+03 3.234754219747041585e-03
7.341818181818394805e+03 2.242569458266837051e-03
7.338181818182030838e+03 1.277872706604438148e-03
7.334545454545666871e+03 3.636724803330676969e-04
7.330909090909302904e+03 -3.715546529205750420e-04
7.327272727272938937e+03 -5.649142460096679514e-04
7.323636363636574970e+03 -6.675217718153495005e-04
7.320000000000211003e+03 -2.279128032074047305e-04
7.316363636363847036e+03 2.904370177586598832e-04
7.312727272727483069e+03 1.068956942763599205e-03
7.309090909091119102e+03 1.597808339671826514e-03
7.305454545454755134e+03 1.509624755380544131e-03
7.301818181818391167e+03 7.777748402885637305e-04
7.298181818182027200e+03 2.096368860336726703e-04
7.294545454545663233e+03 -2.492738952871343555e-04
7.290909090909299266e+03 -6.772400727692417643e-04
7.287272727272935299e+03 -2.476099975587055962e-04
7.283636363636571332e+03 1.108185091459130229e-03
7.280000000000207365e+03 4.828200631305412834e-03
7.276363636363843398e+03 1.529548769993744652e-02
7.272727272727479431e+03 2.682270308175987300e-02
7.269090909091115464e+03 3.277175449587393929e-02
7.265454545454751496e+03 2.927370231393696884e-02
7.261818181818387529e+03 1.999660982709904750e-02
7.258181818182023562e+03 1.158399383252569151e-02
7.254545454545659595e+03 4.556589919933084348e-03
7.250909090909295628e+03 1.740085823200839465e-03
7.247272727272931661e+03 2.374833602270850618e-03
7.243636363636567694e+03 3.256485233283946783e-03
7.240000000000203727e+03 3.601247538398287019e-03
7.236363636363839760e+03 2.561955450950487330e-03
7.232727272727475793e+03 1.460762174563516851e-03
7.229090909091111826e+03 1.435347671860931755e-04
7.225454545454747858e+03 -4.459912369875119911e-04
7.221818181818383891e+03 -9.757651910520956590e-04
7.218181818182019924e+03 -1.000172518937067490e-03
7.214545454545655957e+03 -7.090143789855737162e-04
7.210909090909291990e+03 1.400017926214095908e-04
7.207272727272928023e+03 1.076548569753163140e-03
7.203636363636564056e+03 1.705837386428824031e-03
7.200000000000200089e+03 1.143787410811253347e-03
7.196363636363836122e+03 1.127361849752259182e-05
7.192727272727472155e+03 -5.872008905611967970e-04
7.189090909091108188e+03 -1.324330049120964322e-03
7.185454545454744220e+03 -1.164598862507244641e-03
7.181818181818380253e+03 -1.150073080267793001e-03
7.178181818182016286e+03 -9.668361557173590351e-04
7.174545454545652319e+03 -6.062840452467408272e-04
7.170909090909288352e+03 -3.948192679641506810e-04
7.167272727272924385e+03 -4.469796910836082719e-04
7.163636363636560418e+03 -4.290736953670516219e-04
7.160000000000196451e+03 -3.312931203973070067e-04
7.156363636363832484e+03 4.064231199892327372e-04
7.152727272727468517e+03 3.288902034662741225e-03
7.149090909091104550e+03 7.015794818765500387e-03
7.145454545454740582e+03 9.222228042702550546e-03
7.141818181818376615e+03 8.261518055894406104e-03
7.138181818182012648e+03 5.324102060686041957e-03
7.134545454545648681e+03 2.695164616976677540e-03
7.130909090909284714e+03 4.030159486731431915e-04
7.127272727272920747e+03 -3.529312791554879095e-04
7.123636363636556780e+03 -4.042799717899694142e-04
7.120000000000192813e+03 -6.914004265246818937e-04
7.116363636363828846e+03 -9.255936573866015886e-04
7.112727272727464879e+03 -7.019349509367143330e-04
7.109090909091100912e+03 -8.185276045444371800e-04
7.105454545454736945e+03 -6.219390614080963367e-04
7.101818181818372977e+03 -7.767639213266471117e-04
7.098181818182009010e+03 -7.750520985511348418e-04
7.094545454545645043e+03 -9.552113364841780582e-04
7.090909090909281076e+03 -8.936441252168706969e-04
7.087272727272917109e+03 -7.671594423595780093e-04
7.083636363636553142e+03 -3.292518129230960489e-04
7.080000000000189175e+03 2.163244519397387444e-03
7.076363636363825208e+03 1.406680930533531562e-02
7.072727272727461241e+03 4.603261202855106482e-02
7.069090909091097274e+03 7.517824588659040297e-02
7.065454545454733307e+03 8.700599025272685860e-02
7.061818181818369339e+03 7.098277194526002309e-02
7.058181818182005372e+03 4.530442238893007956e-02
7.054545454545641405e+03 2.254972535334921757e-02
7.050909090909277438e+03 6.363314772274609836e-03
7.047272727272913471e+03 8.548443066296481079e-04
7.043636363636549504e+03 4.908625599771200164e-04
7.040000000000185537e+03 4.352709281351450563e-03
7.036363636363821570e+03 1.107834714435218526e-02
7.032727272727457603e+03 1.647945052795299001e-02
7.029090909091093636e+03 1.705917735765575052e-02
7.025454545454729669e+03 1.256705037019421878e-02
7.021818181818365701e+03 7.336543679975585444e-03
7.018181818182001734e+03 2.559002069923969284e-03
7.014545454545637767e+03 4.857727702110847134e-05
7.010909090909273800e+03 -7.654610985035580073e-04
7.007272727272909833e+03 -1.144817799323547686e-03
7.003636363636545866e+03 -1.134401589871502497e-03
7.000000000000181899e+03 -9.330519928389645334e-04
6.996363636363817932e+03 -9.456233317520439498e-04
6.992727272727453965e+03 -8.082731421262987718e-04
6.989090909091089998e+03 -5.561095162658040306e-04
6.985454545454726031e+03 -3.226426493987430508e-04
6.981818181818362063e+03 6.226953785573822054e-04
6.978181818181998096e+03 6.743905543056998367e-03
6.974545454545634129e+03 3.760912603423608586e-02
6.970909090909270162e+03 9.569952340375306732e-02
6.967272727272906195e+03 1.378680609450692596e-01
6.963636363636542228e+03 1.430991891632422686e-01
6.960000000000178261e+03 1.048480509611587203e-01
6.956363636363814294e+03 6.184720062480183328e-02
6.952727272727450327e+03 2.526037350467815606e-02
6.949090909091086360e+03 5.884053817835990102e-03
6.945454545454722393e+03 1.668244679965016084e-03
6.941818181818358426e+03 2.118349233884237771e-03
6.938181818181994458e+03 4.749026955865820465e-03
6.934545454545630491e+03 8.955397854776796576e-03
6.930909090909266524e+03 1.116850464152021639e-02
6.927272727272902557e+03 1.011685238489805003e-02
6.923636363636538590e+03 6.311594660525231965e-03
6.920000000000174623e+03 3.330385655886637479e-03
6.916363636363810656e+03 4.766363092819400193e-04
6.912727272727446689e+03 -1.239399377400471521e-03
6.909090909091082722e+03 -1.549732029158512256e-03
6.905454545454718755e+03 -1.903770826198944270e-03
6.901818181818354788e+03 -1.596036610587459829e-03
6.898181818181990820e+03 -1.722425443350585712e-03
6.894545454545626853e+03 -1.432941684731570131e-03
6.890909090909262886e+03 -1.247608039371234882e-03
6.887272727272898919e+03 -1.117868946285431250e-03
6.883636363636534952e+03 -7.216725820464918667e-04
6.880000000000170985e+03 1.100620422308550830e-03
6.876363636363807018e+03 3.208389453220255021e-03
6.872727272727443051e+03 4.414635930471884524e-03
6.869090909091079084e+03 4.234969421929167706e-03
6.865454545454715117e+03 2.327907492887539096e-03
6.861818181818351150e+03 9.218944428148472155e-04
6.858181818181987182e+03 -8.097543256127217757e-04
6.854545454545623215e+03 -1.632092720229154446e-03
6.850909090909259248e+03 -1.720577333722429726e-03
6.847272727272895281e+03 -1.760734030205202832e-03
6.843636363636531314e+03 -1.933908192525832107e-03
6.840000000000167347e+03 -1.906974316064929302e-03
6.836363636363803380e+03 -1.805508005442922528e-03
6.832727272727439413e+03 -1.964235761383332189e-03
6.829090909091075446e+03 -1.646344431105597507e-03
6.825454545454711479e+03 -1.780971878993913796e-03
6.821818181818347512e+03 -1.851041293145370709e-03
6.818181818181983544e+03 -1.954172999153527390e-03
6.814545454545619577e+03 -1.871297113826738247e-03
6.810909090909255610e+03 -1.994663673308163382e-03
6.807272727272891643e+03 -2.045494176371055045e-03
6.803636363636527676e+03 -2.006086308748961100e-03
6.800000000000163709e+03 -2.204767079722039138e-03
6.796363636363799742e+03 -2.074611637789697868e-03
6.792727272727435775e+03 -2.246912665658775277e-03
6.789090909091071808e+03 -2.111756544594819984e-03
6.785454545454707841e+03 -2.193317486442256884e-03
6.781818181818343874e+03 -1.926377969502843842e-03
6.778181818181979907e+03 -1.904879092912749273e-03
6.774545454545615939e+03 -1.481489757427112029e-03
6.770909090909251972e+03 -1.149159509057764549e-03
6.767272727272888005e+03 -9.669424894155754895e-04
6.763636363636524038e+03 8.116054305563203796e-04
6.760000000000160071e+03 3.907451147818544017e-03
6.756363636363796104e+03 6.272859241220027880e-03
6.752727272727432137e+03 6.381038053749160839e-03
6.749090909091068170e+03 3.812671878922400687e-03
6.745454545454704203e+03 1.171838539932289333e-03
6.741818181818340236e+03 -3.353008524596611472e-04
6.738181818181976269e+03 -1.316050997237297113e-03
6.734545454545612301e+03 -1.558729956748431365e-03
6.730909090909248334e+03 -1.153704900242086360e-03
6.727272727272884367e+03 1.118198430984130047e-03
6.723636363636520400e+03 4.770260747039234417e-03
6.720000000000156433e+03 7.462772263362526561e-03
6.716363636363792466e+03 7.112844536767221927e-03
6.712727272727428499e+03 4.197700209533173320e-03
6.709090909091064532e+03 1.891493028199251261e-03
6.705454545454700565e+03 -4.537011789370631225e-04
6.701818181818336598e+03 -1.320542472743649852e-03
6.698181818181972631e+03 -1.498245552013665726e-03
6.694545454545608663e+03 -7.469785045642785178e-04
6.690909090909244696e+03 1.924696099881758726e-03
6.687272727272880729e+03 1.238467010586040071e-02
6.683636363636516762e+03 2.422945931452363463e-02
6.680000000000152795e+03 2.985480249577021281e-02
6.676363636363788828e+03 2.480060157016756792e-02
6.672727272727424861e+03 1.488874333236698232e-02
6.669090909091060894e+03 6.673761246019474166e-03
6.665454545454696927e+03 1.189271275808896763e-03
6.661818181818332960e+03 -6.563162967441486719e-04
6.658181818181968993e+03 -1.041474923576679460e-03
6.654545454545605025e+03 -1.141308787282405883e-03
6.650909090909241058e+03 -1.175113917368899360e-03
6.647272727272877091e+03 -7.231597561638003231e-04
6.643636363636513124e+03 -7.709664882872700915e-04
6.640000000000149157e+03 -9.254034548559891262e-04
6.636363636363785190e+03 -8.803374363626044951e-04
6.632727272727421223e+03 -1.515509052567759777e-03
6.629090909091057256e+03 -1.685207151317117237e-03
6.625454545454693289e+03 -1.625134602455725148e-03
6.621818181818329322e+03 -1.573210809256242113e-03
6.618181818181965355e+03 -1.349276533785625024e-03
6.614545454545601388e+03 -9.125400726872449908e-04
6.610909090909237420e+03 8.616676352081552694e-04
6.607272727272873453e+03 4.622729480223697514e-03
6.603636363636509486e+03 8.113684262219153856e-03
6.600000000000145519e+03 8.801419171470812805e-03
6.596363636363781552e+03 6.266605022575636418e-03
6.592727272727417585e+03 3.122551200920619004e-03
6.589090909091053618e+03 6.721090974158691524e-04
6.585454545454689651e+03 -5.351333222204634468e-04
6.581818181818325684e+03 -4.869701475593104546e-04
6.578181818181961717e+03 3.153729439363850504e-03
6.574545454545597750e+03 2.209551272430031188e-02
6.570909090909233782e+03 6.063258673386097419e-02
6.567272727272869815e+03 9.041967637990429296e-02
6.563636363636505848e+03 9.568613434372412463e-02
6.560000000000141881e+03 6.849773394839191176e-02
6.556363636363777914e+03 3.728981342678078237e-02
6.552727272727413947e+03 1.275448223402217592e-02
6.549090909091049980e+03 2.515337859057775738e-03
6.545454545454686013e+03 9.146832208865083138e-04
6.541818181818322046e+03 1.989080405322940417e-03
6.538181818181958079e+03 3.341544703568476160e-03
6.534545454545594112e+03 3.850996940011952585e-03
6.530909090909230144e+03 2.602362256272726989e-03
6.527272727272866177e+03 1.026424961134752472e-03
6.523636363636502210e+03 -1.923658971909718307e-04
6.520000000000138243e+03 2.799069863197915873e-04
6.516363636363774276e+03 5.805900047304642098e-03
6.512727272727410309e+03 1.216491429543237190e-02
6.509090909091046342e+03 1.589557368870434667e-02
6.505454545454682375e+03 1.304934857449175159e-02
6.501818181818318408e+03 7.348878388968690251e-03
6.498181818181954441e+03 2.689268338527690989e-03
6.494545454545590474e+03 -3.870614009675160932e-04
6.490909090909226506e+03 -1.124253461151580652e-03
6.487272727272862539e+03 -1.192546653245506790e-03
6.483636363636498572e+03 -1.042765904532489893e-03
6.480000000000134605e+03 -1.350708294567243154e-03
6.476363636363770638e+03 -1.264937436865068692e-03
6.472727272727406671e+03 -1.387589613613406233e-03
6.469090909091042704e+03 -1.159508323912348616e-03
6.465454545454678737e+03 -1.184334995959300703e-03
6.461818181818314770e+03 -1.547943825839210794e-03
6.458181818181950803e+03 -1.803886042130691718e-03
6.454545454545586836e+03 -1.865712348183794136e-03
6.450909090909222869e+03 -1.621890675831263529e-03
6.447272727272858901e+03 -1.593806598240357772e-03
6.443636363636494934e+03 -1.529256052792105211e-03
6.440000000000130967e+03 -1.619945218451219592e-03
6.436363636363767000e+03 -1.467524099175448451e-03
6.432727272727403033e+03 -1.413705768958447608e-03
6.429090909091039066e+03 -1.132580438082331263e-03
6.425454545454675099e+03 2.822335975899212523e-06
6.421818181818311132e+03 1.189486938520772398e-03
6.418181818181947165e+03 2.877145006698892098e-03
6.414545454545583198e+03 7.660967793233884257e-03
6.410909090909219231e+03 2.197290098431045266e-02
6.407272727272855263e+03 3.462362923554124922e-02
6.403636363636491296e+03 3.965170951282568496e-02
6.400000000000127329e+03 2.863568664571895447e-02
6.396363636363763362e+03 1.695571466929117130e-02
6.392727272727399395e+03 1.136232102021432488e-02
6.389090909091035428e+03 1.271116847506278090e-02
6.385454545454671461e+03 1.561980997247069264e-02
6.381818181818307494e+03 1.260091390893184476e-02
6.378181818181943527e+03 6.886069204599188157e-03
6.374545454545579560e+03 1.979718546906731377e-03
6.370909090909215593e+03 -5.321589739858464257e-04
6.367272727272851625e+03 -1.293186256805323956e-03
6.363636363636487658e+03 -1.561922963010366639e-03
6.360000000000123691e+03 -1.880602061249535707e-03
6.356363636363759724e+03 -2.002093553263820536e-03
6.352727272727395757e+03 -1.888905075656744509e-03
6.349090909091031790e+03 -1.724841165255136142e-03
6.345454545454667823e+03 3.815245603716554382e-04
6.341818181818303856e+03 4.473720025237180008e-03
6.338181818181939889e+03 7.958122554701695800e-03
6.334545454545575922e+03 8.435957738989582205e-03
6.330909090909211955e+03 5.391791696718261154e-03
6.327272727272847987e+03 1.973546699437015318e-03
6.323636363636484020e+03 -7.648230963142594978e-04
6.320000000000120053e+03 -1.511636109700328044e-03
6.316363636363756086e+03 -1.009739556461102623e-03
6.312727272727392119e+03 2.574061767141084698e-04
6.309090909091028152e+03 1.644740439686023055e-03
6.305454545454664185e+03 2.221966180994114793e-03
6.301818181818300218e+03 1.164366725560434012e-03
6.298181818181936251e+03 1.435452507901426901e-04
6.294545454545572284e+03 -1.006811635615847749e-03
6.290909090909208317e+03 -1.443350405895008504e-03
6.287272727272844349e+03 -1.792989084550090711e-03
6.283636363636480382e+03 -1.761520300508915638e-03
6.280000000000116415e+03 -1.186614431011207742e-03
6.276363636363752448e+03 2.230194312515255874e-03
6.272727272727388481e+03 7.366679548644752135e-03
6.269090909091024514e+03 1.108065952787396120e-02
6.265454545454660547e+03 9.864519523715040497e-03
6.261818181818296580e+03 5.182363733936717551e-03
6.258181818181932613e+03 1.294379890009246222e-03
6.254545454545568646e+03 -1.310105296083505580e-03
6.250909090909204679e+03 -1.735336750566413141e-03
6.247272727272840712e+03 -1.944895009569714683e-03
6.243636363636476744e+03 -1.703083193879246626e-03
6.240000000000112777e+03 -1.943671423211365155e-03
6.236363636363748810e+03 -1.921849052553457242e-03
6.232727272727384843e+03 -2.045980915130496316e-03
6.229090909091020876e+03 -1.700643509451154386e-03
6.225454545454656909e+03 -3.230080778827543989e-04
6.221818181818292942e+03 1.278918071693945901e-03
6.218181818181928975e+03 2.565099034507617622e-03
6.214545454545565008e+03 1.914049251140624488e-03
6.210909090909201041e+03 4.650309595991366542e-04
6.207272727272837074e+03 -8.527760413164527228e-04
6.203636363636473106e+03 -1.661770305635585331e-03
6.200000000000109139e+03 -2.131384846690938337e-03
6.196363636363745172e+03 -2.093895478609904010e-03
6.192727272727381205e+03 -1.925212791795627258e-03
6.189090909091017238e+03 -1.808796861799024823e-03
6.185454545454653271e+03 -1.281074698812701600e-03
6.181818181818289304e+03 -6.194170058053294521e-04
6.178181818181925337e+03 5.840543116886235623e-04
6.174545454545561370e+03 2.204457064573717845e-03
6.170909090909197403e+03 5.052657589320783474e-03
6.167272727272833436e+03 6.749009560571386443e-03
6.163636363636469468e+03 6.950410077966450752e-03
6.160000000000105501e+03 4.447999251530576972e-03
6.156363636363741534e+03 2.900939792575828267e-03
6.152727272727377567e+03 6.536686625414458822e-03
6.149090909091013600e+03 1.590868717971255855e-02
6.145454545454649633e+03 2.388606736622433599e-02
6.141818181818285666e+03 2.351066148647328741e-02
6.138181818181921699e+03 1.415913690854159537e-02
6.134545454545557732e+03 5.694287105620435274e-03
6.130909090909193765e+03 5.124378171110037777e-04
6.127272727272829798e+03 -6.687738136704048184e-04
6.123636363636465830e+03 -3.524520286846532916e-04
6.120000000000101863e+03 2.450445098820192903e-04
6.116363636363737896e+03 4.817463174272136562e-04
6.112727272727373929e+03 7.027242165558699729e-04
6.109090909091009962e+03 8.278460308867269073e-04
6.105454545454645995e+03 4.166787056506622219e-03
6.101818181818282028e+03 1.048341459580447686e-02
6.098181818181918061e+03 1.559318461350038890e-02
6.094545454545554094e+03 1.537228159725780030e-02
6.090909090909190127e+03 9.105782159551519331e-03
6.087272727272826160e+03 3.431979267414959466e-03
6.083636363636462193e+03 1.967984398659891436e-03
6.080000000000098225e+03 5.103959854565903211e-03
6.076363636363734258e+03 8.466737600478932424e-03
6.072727272727370291e+03 9.152317380269557254e-03
6.069090909091006324e+03 5.480610287883398886e-03
6.065454545454642357e+03 2.237456454806120796e-03
6.061818181818278390e+03 4.453906762412473963e-04
6.058181818181914423e+03 -2.158049893590857280e-05
6.054545454545550456e+03 -1.879223467317025478e-04
6.050909090909186489e+03 3.036793073309076345e-04
6.047272727272822522e+03 7.678333883341891247e-04
6.043636363636458555e+03 1.449591145619907265e-03
6.040000000000094587e+03 2.803304490405055492e-03
6.036363636363730620e+03 5.317137952281726990e-03
6.032727272727366653e+03 7.557855556776104863e-03
6.029090909091002686e+03 6.997160961396363225e-03
6.025454545454638719e+03 4.496685108736484492e-03
6.021818181818274752e+03 1.404191149454659965e-03
6.018181818181910785e+03 -2.901928995500785121e-04
6.014545454545546818e+03 -8.174373097232885341e-04
6.010909090909182851e+03 -1.279346401802254445e-03
6.007272727272818884e+03 -1.248455713641523574e-03
6.003636363636454917e+03 -1.437936373232299135e-03
6.000000000000090949e+03 -1.197393073631821498e-03
5.996363636363726982e+03 -1.014328379719343746e-03
5.992727272727363015e+03 -7.458567589309813553e-04
5.989090909090999048e+03 -7.605937109091444326e-04
5.985454545454635081e+03 -4.875752012787390845e-04
5.981818181818271114e+03 2.846470730078897327e-04
5.978181818181907147e+03 8.951492712268355103e-04
5.974545454545543180e+03 1.290918803015187822e-03
5.970909090909179213e+03 1.015283885345570148e-03
5.967272727272815246e+03 2.285732702625236322e-04
5.963636363636451279e+03 -5.384955638049122081e-04
5.960000000000087311e+03 -1.287128231322430625e-03
5.956363636363723344e+03 -1.399759580257161533e-03
5.952727272727359377e+03 6.588263710851447602e-04
5.949090909090995410e+03 5.049572414414785909e-03
5.945454545454631443e+03 8.577573257805755705e-03
5.941818181818267476e+03 9.188199761615573752e-03
5.938181818181903509e+03 5.370993723941761694e-03
5.934545454545539542e+03 2.358736777081694297e-03
5.930909090909175575e+03 2.419548420028576634e-04
5.927272727272811608e+03 -1.071012477986163193e-04
5.923636363636447641e+03 -4.191786708020391094e-04
5.920000000000083674e+03 -4.331488220268668306e-04
5.916363636363719706e+03 4.136972435418687262e-04
5.912727272727355739e+03 1.524277838526311201e-03
5.909090909090991772e+03 2.035594658832878389e-03
5.905454545454627805e+03 1.641430616121821893e-03
5.901818181818263838e+03 1.060084818422274379e-03
5.898181818181899871e+03 2.386989341166253023e-04
5.894545454545535904e+03 7.246416884790841237e-06
5.890909090909171937e+03 5.786897017307190668e-04
5.887272727272807970e+03 3.227441157093650318e-03
5.883636363636444003e+03 6.261805029578683748e-03
5.880000000000080036e+03 9.738506603039976534e-03
5.876363636363716068e+03 9.925829137854275466e-03
5.872727272727352101e+03 8.465133609059358188e-03
5.869090909090988134e+03 4.984156222803588950e-03
5.865454545454624167e+03 2.702727788469535576e-03
5.861818181818260200e+03 8.349917302897563037e-03
5.858181818181896233e+03 4.725686634224430388e-02
5.854545454545532266e+03 1.024490713722752827e-01
5.850909090909168299e+03 1.427149500982506647e-01
5.847272727272804332e+03 1.242496106735789391e-01
5.843636363636440365e+03 6.843570995151958269e-02
5.840000000000076398e+03 2.126410151920789249e-02
5.836363636363712430e+03 2.706394054571419853e-03
5.832727272727348463e+03 1.168015768598522938e-04
5.829090909090984496e+03 -6.055501929632754049e-04
5.825454545454620529e+03 -5.598072331798370407e-04
5.821818181818256562e+03 -2.488350815747764869e-04
5.818181818181892595e+03 1.296679543440391554e-04
5.814545454545528628e+03 3.412989716337000629e-04
5.810909090909164661e+03 -2.384907596933565370e-04
5.807272727272800694e+03 -3.678629266374274843e-04
5.803636363636436727e+03 -9.714324672642068656e-04
5.800000000000072760e+03 -9.179675842694465194e-04
5.796363636363708792e+03 -1.120350565129721440e-03
5.792727272727344825e+03 -1.216533139310777001e-03
5.789090909090980858e+03 -1.599961971475139270e-03
5.785454545454616891e+03 -1.625377223006585102e-03
5.781818181818252924e+03 -1.620168369451701826e-03
5.778181818181888957e+03 -1.625225959576727863e-03
5.774545454545524990e+03 -1.716635498599815507e-03
5.770909090909161023e+03 -1.214366028587971977e-03
5.767272727272797056e+03 -1.475604711411035647e-04
5.763636363636433089e+03 9.727788615557077332e-04
5.760000000000069122e+03 1.515401221211822068e-03
5.756363636363705155e+03 4.747822090228987976e-04
5.752727272727341187e+03 -5.593040201854606675e-04
5.749090909090977220e+03 -1.142147475606366397e-03
5.745454545454613253e+03 -1.050925143798448489e-03
5.741818181818249286e+03 -9.897158727265457142e-04
5.738181818181885319e+03 -1.036275055968124362e-03
5.734545454545521352e+03 -1.201122241358003025e-03
5.730909090909157385e+03 -1.388666429515062611e-03
5.727272727272793418e+03 -1.583230139412127382e-03
5.723636363636429451e+03 -1.978053151520581254e-03
5.720000000000065484e+03 -2.013818715564332732e-03
5.716363636363701517e+03 -2.149413650340646111e-03
5.712727272727337549e+03 -2.065714053267109652e-03
5.709090909090973582e+03 -2.077208576278532799e-03
5.705454545454609615e+03 -2.000992774838622566e-03
5.701818181818245648e+03 -1.910002579977515070e-03
5.698181818181881681e+03 -2.027469865694510927e-03
5.694545454545517714e+03 -1.816418441943015803e-03
5.690909090909153747e+03 -1.698417990077216418e-03
5.687272727272789780e+03 -1.088685587927048668e-03
5.683636363636425813e+03 -1.135175878913444614e-03
5.680000000000061846e+03 -1.212242349939086266e-03
5.676363636363697879e+03 -1.291462452768040890e-03
5.672727272727333911e+03 -1.355385479631044483e-03
5.669090909090969944e+03 -1.751475510171767412e-03
5.665454545454605977e+03 -1.992018809772245266e-03
5.661818181818242010e+03 -1.843121679114829558e-03
5.658181818181878043e+03 -2.032563399604849896e-03
5.654545454545514076e+03 -1.651337621948605148e-03
5.650909090909150109e+03 -1.334654901452006579e-03
5.647272727272786142e+03 -1.079458518705761873e-03
5.643636363636422175e+03 -1.155538033293028498e-03
5.640000000000058208e+03 -1.547632313033168354e-03
5.636363636363694241e+03 -2.160090452236207610e-03
5.632727272727330273e+03 -1.978369157299788000e-03
5.629090909090966306e+03 -1.842646921617158975e-03
5.625454545454602339e+03 -2.077380806916488687e-03
5.621818181818238372e+03 -2.383590406967630703e-03
5.618181818181874405e+03 -2.242558974662787509e-03
5.614545454545510438e+03 -2.023234489658510410e-03
5.610909090909146471e+03 -2.207865733547528971e-03
5.607272727272782504e+03 -1.661804751763176465e-03
5.603636363636418537e+03 -8.137485787555837026e-04
5.600000000000054570e+03 1.742023043463416230e-04
5.596363636363690603e+03 -4.781197392549451898e-05
5.592727272727326636e+03 -7.013793199220904684e-04
5.589090909090962668e+03 -1.284544771753088179e-03
5.585454545454598701e+03 -1.879369488944858000e-03
5.581818181818234734e+03 -2.025212895508424552e-03
5.578181818181870767e+03 -2.117568954211410202e-03
5.574545454545506800e+03 -2.112542814898532573e-03
5.570909090909142833e+03 -2.002160947861281876e-03
5.567272727272778866e+03 -1.677401359273399031e-03
5.563636363636414899e+03 -1.564888325298655590e-03
5.560000000000050932e+03 -1.464677051847146751e-03
5.556363636363686965e+03 -1.220868858414108629e-03
5.552727272727322998e+03 -5.843778057564369063e-04
5.549090909090959030e+03 -4.693037770781710864e-04
5.545454545454595063e+03 -1.245875249387623637e-03
5.541818181818231096e+03 -2.044459294885596617e-03
5.538181818181867129e+03 -2.535190809812097688e-03
5.534545454545503162e+03 -2.552854184977794601e-03
5.530909090909139195e+03 -2.540805528609468844e-03
5.527272727272775228e+03 -2.626417634593179468e-03
5.523636363636411261e+03 -2.743965793827128716e-03
5.520000000000047294e+03 -2.458685960431965245e-03
5.516363636363683327e+03 -2.466684950321738640e-03
5.512727272727319360e+03 -2.775236887049084729e-03
5.509090909090955392e+03 -2.861159008181116212e-03
5.505454545454591425e+03 -2.720494502018005675e-03
5.501818181818227458e+03 -2.397355379084632494e-03
5.498181818181863491e+03 -2.198617697118143092e-03
5.494545454545499524e+03 -1.663270958672385946e-03
5.490909090909135557e+03 -1.167472867674530660e-03
5.487272727272771590e+03 -4.268451806776708737e-04
5.483636363636407623e+03 -1.000082659473786138e-03
5.480000000000043656e+03 -1.782322766258578753e-03
5.476363636363679689e+03 -2.670811204769674239e-03
5.472727272727315722e+03 -2.818889116653507370e-03
5.469090909090951754e+03 -2.966189744179955224e-03
5.465454545454587787e+03 -2.759110108705501146e-03
5.461818181818223820e+03 -2.707372025063466917e-03
5.458181818181859853e+03 -2.841533701400440586e-03
5.454545454545495886e+03 -2.587352730589276804e-03
5.450909090909131919e+03 -2.426787348624760698e-03
5.447272727272767952e+03 -2.159301186617051862e-03
5.443636363636403985e+03 -2.114931578964098901e-03
5.440000000000040018e+03 -1.969537469716939760e-03
5.436363636363676051e+03 -2.139506644513862639e-03
5.432727272727312084e+03 -2.214292182829876322e-03
5.429090909090948116e+03 -2.413483655085937440e-03
5.425454545454584149e+03 -2.766954839849974576e-03
5.421818181818220182e+03 -2.972983119604035232e-03
5.418181818181856215e+03 -2.780146209059696037e-03
5.414545454545492248e+03 -2.491668876429433202e-03
5.410909090909128281e+03 -2.518083065661024748e-03
5.407272727272764314e+03 -2.542992108882651588e-03
5.403636363636400347e+03 -2.485365235080237191e-03
5.400000000000036380e+03 -2.665518482382395280e-03
5.396363636363672413e+03 -2.337230412202993129e-03
5.392727272727308446e+03 -1.617240448606446952e-03
5.389090909090944479e+03 -7.236090534802077333e-04
5.385454545454580511e+03 -1.152765868850794736e-03
5.381818181818216544e+03 -1.969537469716939760e-03
5.378181818181852577e+03 -2.644146906698615924e-03
5.374545454545488610e+03 -2.926245715093615026e-03
5.370909090909124643e+03 -3.023517086438097870e-03
5.367272727272760676e+03 -2.852274902578020264e-03
5.363636363636396709e+03 -2.744798491520203994e-03
5.360000000000032742e+03 -2.835399295373758170e-03
5.356363636363668775e+03 -2.809904667983080528e-03
5.352727272727304808e+03 -2.808433968100706741e-03
5.349090909090940841e+03 -2.871563236371390496e-03
5.345454545454576873e+03 -2.478721625428293059e-03
5.341818181818212906e+03 -2.356222209767534336e-03
5.338181818181848939e+03 -2.402809848505818666e-03
5.334545454545484972e+03 -2.115565088180233321e-03
5.330909090909121005e+03 -1.795600999616139056e-03
5.327272727272757038e+03 -1.427016950785877682e-03
5.323636363636393071e+03 -1.572568314093779514e-03
5.320000000000029104e+03 -1.601956851559988189e-03
5.316363636363665137e+03 -1.627878311401253011e-03
5.312727272727301170e+03 -2.214897236549304843e-03
5.309090909090937203e+03 -2.585371329423919937e-03
5.305454545454573235e+03 -2.901224347542886387e-03
5.301818181818209268e+03 -2.851458679119880414e-03
5.298181818181845301e+03 -2.969111674394324645e-03
5.294545454545481334e+03 -2.850326449882533818e-03
5.290909090909117367e+03 -2.795992925409385588e-03
5.287272727272753400e+03 -2.788625947078025250e-03
5.283636363636389433e+03 -2.895835775061440191e-03
5.280000000000025466e+03 -3.015787674938168964e-03
5.276363636363661499e+03 -2.742056280232397277e-03
5.272727272727297532e+03 -2.848422926918687398e-03
5.269090909090933565e+03 -2.728210434598442313e-03
5.265454545454569597e+03 -2.732048931338282912e-03
5.261818181818205630e+03 -2.657008791209638805e-03
5.258181818181841663e+03 -2.648958880957339498e-03
5.254545454545477696e+03 -2.504888701135860561e-03
5.250909090909113729e+03 -2.541149989885381488e-03
5.247272727272749762e+03 -2.502483462835359673e-03
5.243636363636385795e+03 -2.379671036710836931e-03
5.240000000000021828e+03 -2.122096373503075655e-03
5.236363636363657861e+03 -1.945792106544808140e-03
5.232727272727293894e+03 -2.154340944243914209e-03
5.229090909090929927e+03 -2.237908747437971149e-03
5.225454545454565960e+03 -2.467788724062379337e-03
5.221818181818201992e+03 -2.500111173004728772e-03
5.218181818181838025e+03 -2.866239063171962913e-03
5.214545454545474058e+03 -2.952288485210309826e-03
5.210909090909110091e+03 -2.605350083426835953e-03
5.207272727272746124e+03 -2.021768282749301145e-03
5.203636363636382157e+03 -1.929286420797721212e-03
5.200000000000018190e+03 -2.138690421055722789e-03
5.196363636363654223e+03 -2.195093708499787442e-03
5.192727272727290256e+03 -2.642581854379796695e-03
5.189090909090926289e+03 -2.475590023132933672e-03
5.185454545454562322e+03 -2.507560522510763213e-03
5.181818181818198354e+03 -2.106207722737188370e-03
5.178181818181834387e+03 -1.531692741904754724e-03
5.174545454545470420e+03 -6.008505430336539546e-04
5.170909090909106453e+03 -1.245699274605364232e-04
5.167272727272742486e+03 -3.475127535196145053e-04
5.163636363636378519e+03 -9.866426790823190542e-04
5.160000000000014552e+03 -1.930999741230954737e-03
5.156363636363650585e+03 -1.831580728714044372e-03
5.152727272727286618e+03 -2.154213643337598780e-03
5.149090909090922651e+03 -1.790476014893651897e-03
5.145454545454558684e+03 -1.161187198217991006e-03
5.141818181818194716e+03 -1.292802856428656305e-03
5.138181818181830749e+03 -1.637307564414923174e-03
5.134545454545466782e+03 -1.606559153737721363e-03
5.130909090909102815e+03 -1.227268349857471444e-03
5.127272727272738848e+03 -8.357926027562525943e-04
5.123636363636374881e+03 -4.717165036672788989e-04
5.120000000000010914e+03 -1.332892158313968073e-03
5.116363636363646947e+03 -1.707363499646887819e-03
5.112727272727282980e+03 -1.976603418846306984e-03
5.109090909090919013e+03 -2.070725216002773650e-03
5.105454545454555046e+03 -2.258609372462581574e-03
5.101818181818191078e+03 -2.183498842421033835e-03
5.098181818181827111e+03 -2.435334481240550818e-03
5.094545454545463144e+03 -2.265926928089136930e-03
5.090909090909099177e+03 -2.688928370224942434e-03
5.087272727272735210e+03 -3.178964971968733632e-03
5.083636363636371243e+03 -2.918947629017437390e-03
5.080000000000007276e+03 -3.055760159521215061e-03
5.076363636363643309e+03 -3.001182516839485514e-03
5.072727272727279342e+03 -2.458832730888658395e-03
5.069090909090915375e+03 -2.351128675857195368e-03
5.065454545454551408e+03 -2.002942725191830375e-03
5.061818181818187441e+03 -2.156633858215313299e-03
5.058181818181823473e+03 -2.259840447109538134e-03
5.054545454545459506e+03 -2.264670393260917632e-03
5.050909090909095539e+03 -2.168475837818091383e-03
5.047272727272731572e+03 -2.180233948588473133e-03
5.043636363636367605e+03 -1.868228413155675460e-03
5.040000000000003638e+03 -1.570874463210923493e-03
5.036363636363639671e+03 -1.567325014411305104e-03
5.032727272727275704e+03 -1.976218520811917970e-03
5.029090909090911737e+03 -2.017884856277819654e-03
5.025454545454547770e+03 -2.037200147910174421e-03
5.021818181818183803e+03 -2.221290737361782206e-03
5.018181818181819835e+03 -2.118803024173809488e-03
5.014545454545455868e+03 -2.163611445539120534e-03
5.010909090909091901e+03 -2.098108389780084081e-03
5.007272727272727934e+03 -2.562410738897779976e-03
5.003636363636363967e+03 -2.351455165240451655e-03
5.000000000000000000e+03 -1.486954710452347526e-03
4.996363636363636033e+03 5.425796764110555953e-04
4.992727272727272066e+03 2.117820560708598334e-03
4.989090909090908099e+03 2.034320152112002733e-03
4.985454545454544132e+03 3.292398316613251441e-04
4.981818181818180165e+03 -1.282433074365973156e-03
4.978181818181816197e+03 -2.348596136650379050e-03
4.974545454545452230e+03 -2.637468850919080440e-03
4.970909090909088263e+03 -2.658269819011022193e-03
4.967272727272724296e+03 -2.761921212248490132e-03
4.963636363636360329e+03 -2.787036932235664646e-03
4.959999999999996362e+03 -2.948057602147473397e-03
4.956363636363632395e+03 -2.694248050451206362e-03
4.952727272727268428e+03 -2.811406818677602507e-03
4.949090909090904461e+03 -2.270349511340307401e-03
4.945454545454540494e+03 -1.443158705706674679e-03
4.941818181818176527e+03 -4.463162287130466440e-04
4.938181818181812559e+03 2.085406005816385991e-04
4.934545454545448592e+03 -5.983913890551839946e-04
4.930909090909084625e+03 -1.961453113337049102e-03
4.927272727272720658e+03 -2.835534084568680415e-03
4.923636363636356691e+03 -2.966384439683731559e-03
4.919999999999992724e+03 -2.835442727447677700e-03
4.916363636363628757e+03 -2.715111920167444931e-03
4.912727272727264790e+03 -2.782651790427528252e-03
4.909090909090900823e+03 -2.396633508062938085e-03
4.905454545454536856e+03 -1.999261482512732467e-03
4.901818181818172889e+03 -2.158007210345798486e-03
4.898181818181808922e+03 -1.706367557262184831e-03
4.894545454545444954e+03 -1.776480403487561057e-03
4.890909090909080987e+03 -1.863332570064556203e-03
4.887272727272717020e+03 -2.057641678148989899e-03
4.883636363636353053e+03 -2.438067706582029356e-03
4.879999999999989086e+03 -2.472856797791455133e-03
4.876363636363625119e+03 -1.100978362503955308e-03
4.872727272727261152e+03 -1.485133558663176293e-03
4.869090909090897185e+03 -2.255903104960087571e-03
4.865454545454533218e+03 -1.742136116621378602e-03
4.861818181818169251e+03 -8.700365465551040478e-04
4.858181818181805284e+03 1.008721149210579189e-03
4.854545454545441316e+03 3.408495994344065520e-03
4.850909090909077349e+03 5.118621923657998458e-03
4.847272727272713382e+03 3.682222896076673118e-03
4.843636363636349415e+03 1.056216368528006518e-03
4.839999999999985448e+03 1.280528053744405806e-03
4.836363636363621481e+03 6.453285062227472751e-03
4.832727272727257514e+03 1.218690590141279471e-02
4.829090909090893547e+03 1.213829342943523355e-02
4.825454545454529580e+03 6.681760235909247128e-03
4.821818181818165613e+03 1.251608283144982261e-03
4.818181818181801646e+03 -4.803819512430564857e-04
4.814545454545437678e+03 -1.166445474477679047e-03
4.810909090909073711e+03 -1.564224862928093908e-03
4.807272727272709744e+03 -1.998055868047039513e-03
4.803636363636345777e+03 -1.583396379419198035e-03
4.799999999999981810e+03 -1.408377102785855718e-03
4.796363636363617843e+03 -1.348944053771483501e-03
4.792727272727253876e+03 -1.383972770216326505e-03
4.789090909090889909e+03 -1.817999968496769808e-03
4.785454545454525942e+03 -1.657464539686680964e-03
4.781818181818161975e+03 -1.445646315181850321e-03
4.778181818181798008e+03 -1.581908456473028897e-04
4.774545454545434040e+03 1.215285590428885881e-03
4.770909090909070073e+03 1.088625681618194362e-03
4.767272727272706106e+03 -6.515747123983291634e-04
4.763636363636342139e+03 -2.168785852966412242e-03
4.759999999999978172e+03 -2.670540128722108820e-03
4.756363636363614205e+03 -2.822154010486067639e-03
4.752727272727250238e+03 -2.974546674265133098e-03
4.749090909090886271e+03 -3.131640485631541262e-03
4.745454545454522304e+03 -2.950257661340148409e-03
4.741818181818158337e+03 -2.513208189778004358e-03
4.738181818181794370e+03 6.713175853101313866e-05
4.734545454545430403e+03 4.564254932150994641e-03
4.730909090909066435e+03 8.307765726329942313e-03
4.727272727272702468e+03 7.149463765712147333e-03
4.723636363636338501e+03 2.584249583790622883e-03
4.719999999999974534e+03 -1.430792545901421247e-03
4.716363636363610567e+03 -2.505131321686720515e-03
4.712727272727246600e+03 -2.629074479390868923e-03
4.709090909090882633e+03 -2.310581090709148012e-03
4.705454545454518666e+03 -1.504053468657092288e-03
4.701818181818154699e+03 -7.585112178475960710e-05
4.698181818181790732e+03 1.807378579936898743e-03
4.694545454545426765e+03 2.832890718690483228e-03
4.690909090909062797e+03 3.230261246582967483e-03
4.687272727272698830e+03 1.675605667665490753e-03
4.683636363636334863e+03 -3.651132270610141142e-04
4.679999999999970896e+03 -1.492335794645186908e-03
4.676363636363606929e+03 -1.962920817903979730e-03
4.672727272727242962e+03 -2.148405726694172218e-03
4.669090909090878995e+03 -2.165576372469541974e-03
4.665454545454515028e+03 -2.180048239031024543e-03
4.661818181818151061e+03 -2.165411630120192901e-03
4.658181818181787094e+03 -2.616643920303596878e-03
4.654545454545423127e+03 -2.998678433129375095e-03
4.650909090909059159e+03 -2.864161811912439241e-03
4.647272727272695192e+03 -2.655001929863019198e-03
4.643636363636331225e+03 -2.819055356660577806e-03
4.639999999999967258e+03 -2.729505908527417053e-03
4.636363636363603291e+03 -2.818391894290016124e-03
4.632727272727239324e+03 -2.657488041680473260e-03
4.629090909090875357e+03 -2.527817840849852331e-03
4.625454545454511390e+03 -7.799554299308610224e-04
4.621818181818147423e+03 1.853948246782526716e-03
4.618181818181783456e+03 3.700903180835172102e-03
4.614545454545419489e+03 2.460877033678312079e-03
4.610909090909055521e+03 -1.046720469745735806e-04
4.607272727272691554e+03 -2.065751494710143729e-03
4.603636363636327587e+03 -2.570885983942945100e-03
4.599999999999963620e+03 -2.407247408334202334e-03
4.596363636363599653e+03 -2.225770231606364041e-03
4.592727272727235686e+03 -2.126752591358777901e-03
4.589090909090871719e+03 -2.227185518153047394e-03
4.585454545454507752e+03 -2.290615815625724264e-03
4.581818181818143785e+03 -2.319571530010460306e-03
4.578181818181779818e+03 -1.839967611953649508e-03
4.574545454545415851e+03 3.547539286023806146e-04
4.570909090909051884e+03 3.855810411928397522e-03
4.567272727272687916e+03 6.322016860608162606e-03
4.563636363636323949e+03 4.732841768871103721e-03
4.559999999999959982e+03 1.564603770331597470e-03
4.556363636363596015e+03 -3.619561645843913920e-04
4.552727272727232048e+03 8.823053586084689866e-04
4.549090909090868081e+03 2.462954284937835751e-03
4.545454545454504114e+03 3.369968749462130472e-03
4.541818181818140147e+03 2.865991949647938870e-03
4.538181818181776180e+03 2.535899201914300263e-03
4.534545454545412213e+03 2.046831584716227517e-03
4.530909090909048246e+03 9.711449169817061274e-04
4.527272727272684278e+03 -1.213955670372320007e-03
4.523636363636320311e+03 -2.236939762892252263e-03
4.519999999999956344e+03 -2.245230796037690595e-03
4.516363636363592377e+03 -2.329048708071213870e-03
4.512727272727228410e+03 -2.378258745479596304e-03
4.509090909090864443e+03 -1.504525230839319928e-03
4.505454545454500476e+03 1.690065552965202634e-03
4.501818181818136509e+03 5.571070311911145365e-03
4.498181818181772542e+03 6.673028891393729782e-03
4.494545454545408575e+03 3.789333878650478528e-03
4.490909090909044608e+03 4.418562040188424214e-04
4.487272727272680640e+03 -1.449772362204191766e-03
4.483636363636316673e+03 -1.897269494030529198e-03
4.479999999999952706e+03 -1.676847225916496638e-03
4.476363636363588739e+03 -1.770121348802674828e-03
4.472727272727224772e+03 -1.711952322905128943e-03
4.469090909090860805e+03 -9.437827104124948876e-04
4.465454545454496838e+03 3.909403344658333871e-04
4.461818181818132871e+03 8.954622816905993127e-04
4.458181818181768904e+03 4.837876249014246141e-04
4.454545454545404937e+03 -8.294545152794653405e-04
4.450909090909040970e+03 -1.698576741795680255e-03
4.447272727272677002e+03 -1.917469901376206301e-03
4.443636363636313035e+03 -2.028173764823549413e-03
4.439999999999949068e+03 -1.290869380310383056e-03
4.436363636363585101e+03 -4.997346843184449511e-04
4.432727272727221134e+03 8.416768999434682402e-04
4.429090909090857167e+03 1.524984732970791979e-03
4.425454545454493200e+03 1.898584437509881441e-03
4.421818181818129233e+03 1.223459806272057891e-03
4.418181818181765266e+03 2.827570289635359052e-04
4.414545454545401299e+03 -1.169091835671318743e-03
4.410909090909037332e+03 -2.243411141906240507e-03
4.407272727272673364e+03 -2.077668357198989534e-03
4.403636363636309397e+03 -2.013384394825138736e-03
4.399999999999945430e+03 -1.405188589497084316e-03
4.396363636363581463e+03 -1.277146342609579432e-03
4.392727272727217496e+03 -1.349372383879791828e-03
4.389090909090853529e+03 -9.467465750430624754e-04
4.385454545454489562e+03 -3.722510637610064953e-04
4.381818181818125595e+03 1.137678464965833887e-03
4.378181818181761628e+03 2.596925758744197173e-03
4.374545454545397661e+03 3.259437116652743466e-03
4.370909090909033694e+03 1.898609897691144613e-03
4.367272727272669727e+03 -1.299540069688185306e-04
4.363636363636305759e+03 -1.907514970502339428e-03
4.359999999999941792e+03 -2.322655207258736507e-03
4.356363636363577825e+03 -2.297605384211301970e-03
4.352727272727213858e+03 -1.462743575728873502e-03
4.349090909090849891e+03 -7.549400530110178358e-04
4.345454545454485924e+03 -5.404425188426776163e-04
4.341818181818121957e+03 -1.106617043824868274e-03
4.338181818181757990e+03 -1.557913733290291081e-03
4.334545454545394023e+03 -1.281210985665344991e-03
4.330909090909030056e+03 -1.772725026751255839e-04
4.327272727272666089e+03 1.310442269070811192e-03
4.323636363636302121e+03 2.722967134915967903e-03
4.319999999999938154e+03 3.258876992664955403e-03
4.316363636363574187e+03 3.324898237995581752e-03
4.312727272727210220e+03 2.501745117578730269e-03
4.309090909090846253e+03 9.695184606963113370e-04
4.305454545454482286e+03 -6.102633218123891231e-04
4.301818181818118319e+03 -1.008721149210579189e-03
4.298181818181754352e+03 1.710871762859169048e-04
4.294545454545390385e+03 2.442965047330870193e-03
4.290909090909026418e+03 4.842089909013287327e-03
4.287272727272662451e+03 5.696639925900688455e-03
4.283636363636298483e+03 5.604695723071075920e-03
4.279999999999934516e+03 4.914552580203474658e-03
4.276363636363570549e+03 4.683607768939179912e-03
4.272727272727206582e+03 3.532166578342926713e-03
4.269090909090842615e+03 1.363362004654997215e-03
4.265454545454478648e+03 -6.325529616793606948e-04
4.261818181818114681e+03 -1.588551317296112457e-03
4.258181818181750714e+03 -1.435505674750535074e-03
4.254545454545386747e+03 -7.430231905221719229e-04
4.250909090909022780e+03 2.214294429316458258e-04
4.247272727272658813e+03 4.259645579375123561e-04
4.243636363636294845e+03 6.142995093714489997e-04
4.239999999999930878e+03 9.567928630379320641e-04
4.236363636363566911e+03 3.690460762373003168e-04
4.232727272727202944e+03 -3.123103087790939786e-04
4.229090909090838977e+03 -9.146502724166384341e-04
4.225454545454475010e+03 1.851936143633882068e-04
4.221818181818111043e+03 2.602531491595240151e-03
4.218181818181747076e+03 5.800560897528001317e-03
4.214545454545383109e+03 8.052780513322407852e-03
4.210909090909019142e+03 7.047196208209214122e-03
4.207272727272655175e+03 5.363087588830713244e-03
4.203636363636291208e+03 4.004632659699745509e-03
4.199999999999927240e+03 4.278278687915399066e-03
4.196363636363563273e+03 5.209538733290759380e-03
4.192727272727199306e+03 3.480741505164655636e-03
4.189090909090835339e+03 1.437162084190357018e-03
4.185454545454471372e+03 -1.143412996380913874e-03
4.181818181818107405e+03 -1.677304011521510863e-03
4.178181818181743438e+03 -1.449048993524775777e-03
4.174545454545379471e+03 -9.519823864369300701e-04
4.170909090909015504e+03 -2.893332440180190236e-04
4.167272727272651537e+03 2.082418178662276512e-05
4.163636363636287570e+03 4.667053409316149009e-04
4.159999999999923602e+03 1.935265819250242981e-04
4.156363636363559635e+03 -3.497337799203884923e-04
4.152727272727195668e+03 -8.742794108797112725e-04
4.149090909090831701e+03 -1.096837338904400449e-03
4.145454545454467734e+03 -6.838357573741024945e-04
4.141818181818103767e+03 1.446865408567035759e-03
4.138181818181739800e+03 4.494762116222260351e-03
4.134545454545375833e+03 8.324949851024804337e-03
4.130909090909011866e+03 9.824855556622595631e-03
4.127272727272647899e+03 8.211315071416763409e-03
4.123636363636283932e+03 4.820911531175563376e-03
4.119999999999919964e+03 1.763949501332958336e-03
4.116363636363555997e+03 6.358388227200202636e-04
4.112727272727192030e+03 -3.576631287261186122e-05
4.109090909090828063e+03 -6.745188286895341303e-04
4.105454545454464096e+03 -1.184935556705565352e-03
4.101818181818100129e+03 -1.192290553775154568e-03
4.098181818181736162e+03 -3.608913299445058102e-04
4.094545454545372195e+03 1.192275577197940938e-03
4.090909090909008228e+03 2.927127835491494853e-03
4.087272727272644261e+03 3.732947065441348435e-03
4.083636363636280294e+03 2.548245892169175540e-03
4.079999999999916326e+03 3.409844635122148433e-04
4.076363636363552359e+03 -1.423582821630803817e-03
4.072727272727188392e+03 -1.904617002811511599e-03
4.069090909090824425e+03 -1.182007635860310261e-03
4.065454545454460458e+03 -5.561499530242807257e-04
4.061818181818096491e+03 4.943116657094075118e-04
4.058181818181732524e+03 6.910020495708007202e-04
4.054545454545368557e+03 4.001149856668726910e-04
4.050909090909004590e+03 -7.394153330714204816e-04
4.047272727272640623e+03 -1.587769539965563524e-03
4.043636363636276656e+03 -1.987674104722585242e-03
4.039999999999912689e+03 -1.532311274543675514e-03
4.036363636363548721e+03 -1.279624966138426896e-03
4.032727272727184754e+03 -7.894625611460418489e-04
4.029090909090820787e+03 -4.351706599507001766e-04
4.025454545454456820e+03 -4.446822841390450382e-04
4.021818181818092853e+03 -6.388221569009654632e-04
4.018181818181728886e+03 -1.306066113209002977e-03
4.014545454545364919e+03 -1.443067348585671747e-03
4.010909090909000952e+03 -1.405958385565862345e-03
4.007272727272636985e+03 -4.853287146967020333e-04
4.003636363636273018e+03 6.640472059017988324e-04
3.999999999999909051e+03 1.597344065778205473e-03
3.996363636363545083e+03 1.324914135632293761e-03
3.992727272727181116e+03 6.376764487441265996e-04
3.989090909090817149e+03 -6.023354706643803934e-05
3.985454545454453182e+03 -7.874512068262580445e-04
3.981818181818089215e+03 -1.318649433383853190e-03
3.978181818181725248e+03 -1.051284581651574547e-03
3.974545454545361281e+03 -3.028990276580800648e-04
3.970909090908997314e+03 3.094984564072442840e-05
3.967272727272633347e+03 2.122323268647861296e-04
3.963636363636269380e+03 1.059495490108919899e-04
3.959999999999905413e+03 -3.681579652085349838e-04
3.956363636363541445e+03 -8.317324526736509082e-04
3.952727272727177478e+03 -1.369625209245716639e-03
3.949090909090813511e+03 -1.696023235380764854e-03
3.945454545454449544e+03 -1.983968899519945525e-03
3.941818181818085577e+03 -1.814353171945263035e-03
3.938181818181721610e+03 -1.955221359558478086e-03
3.934545454545357643e+03 -2.172046253825808855e-03
3.930909090908993676e+03 -2.407070684723081923e-03
3.927272727272629709e+03 -2.347189836050023876e-03
3.923636363636265742e+03 -2.404232623341108835e-03
3.919999999999901775e+03 -2.498279537611507780e-03
3.916363636363537807e+03 -2.210910471695049732e-03
3.912727272727173840e+03 -2.385514897139575773e-03
3.909090909090809873e+03 -2.233571530676917941e-03
3.905454545454445906e+03 -2.270181773675515168e-03
3.901818181818081939e+03 -2.349677445525199734e-03
3.898181818181717972e+03 -2.380358461604940423e-03
3.894545454545354005e+03 -2.248190167695093659e-03
3.890909090908990038e+03 -2.101133658377227122e-03
3.887272727272626071e+03 -2.136183342030169210e-03
3.883636363636262104e+03 -2.313546452997436963e-03
3.879999999999898137e+03 -2.577932463521934604e-03
3.876363636363534170e+03 -2.167634154178687926e-03
3.872727272727170202e+03 -2.155005904272197254e-03
3.869090909090806235e+03 -2.024482038540401964e-03
3.865454545454442268e+03 -1.569456181348797413e-03
3.861818181818078301e+03 -1.585976843673097972e-03
3.858181818181714334e+03 -1.147498606644778516e-03
3.854545454545350367e+03 -1.187739171959947522e-03
3.850909090908986400e+03 -1.496968049977347344e-03
3.847272727272622433e+03 -1.933454402236260607e-03
3.843636363636258466e+03 -1.908826918666249161e-03
3.839999999999894499e+03 -1.930387199222919400e-03
3.836363636363530532e+03 -1.834767744345094410e-03
3.832727272727166564e+03 -1.975826134488922140e-03
3.829090909090802597e+03 -2.077347858446619133e-03
3.825454545454438630e+03 -2.340778363344890155e-03
3.821818181818074663e+03 -2.664829559830570425e-03
3.818181818181710696e+03 -2.768495929645251995e-03
3.814545454545346729e+03 -2.804691321455032946e-03
3.810909090908982762e+03 -2.725767754854907347e-03
3.807272727272618795e+03 -2.387292616854828128e-03
3.803636363636254828e+03 -2.445997804216620049e-03
3.799999999999890861e+03 -2.530738273406500389e-03
3.796363636363526894e+03 -2.315367604786608413e-03
3.792727272727162926e+03 -2.303052365343881327e-03
3.789090909090798959e+03 -2.302905594887188177e-03
3.785454545454434992e+03 -2.566021591663974252e-03
3.781818181818071025e+03 -2.594116152858929551e-03
3.778181818181707058e+03 -2.314208417710277282e-03
3.774545454545343091e+03 -2.397517126118539274e-03
3.770909090908979124e+03 -2.595968755460249626e-03
3.767272727272615157e+03 -2.512246693520892721e-03
3.763636363636251190e+03 -2.577069812674432497e-03
3.759999999999887223e+03 -2.742276435917437218e-03
3.756363636363523256e+03 -2.633541992373679853e-03
3.752727272727159288e+03 -2.651716068822359412e-03
3.749090909090795321e+03 -2.679457182795074322e-03
3.745454545454431354e+03 -2.723230722674926940e-03
3.741818181818067387e+03 -2.866105771634762031e-03
3.738181818181703420e+03 -2.901601757288668586e-03
3.734545454545339453e+03 -2.753694578385070847e-03
3.730909090908975486e+03 -3.016428672442910200e-03
3.727272727272611519e+03 -3.131322982194613153e-03
3.723636363636247552e+03 -3.405902051170673749e-03
3.719999999999883585e+03 -3.370066097214018640e-03
3.716363636363519618e+03 -3.238336617016529962e-03
3.712727272727155651e+03 -3.318441835558807139e-03
3.709090909090791683e+03 -3.068003511393316719e-03
3.705454545454427716e+03 -3.076958006909316732e-03
3.701818181818063749e+03 -3.075090427730783026e-03
3.698181818181699782e+03 -3.048514491465284700e-03
3.694545454545335815e+03 -3.095418135982775775e-03
3.690909090908971848e+03 -3.020980054258117463e-03
3.687272727272607881e+03 -3.131874120236073037e-03
3.683636363636243914e+03 -3.321371254061783376e-03
3.679999999999879947e+03 -3.294293602459630148e-03
3.676363636363515980e+03 -3.164138160527288877e-03
3.672727272727152013e+03 -3.439371705927582977e-03
3.669090909090788045e+03 -3.196596896322281486e-03
3.665454545454424078e+03 -3.334641999130737080e-03
3.661818181818060111e+03 -3.277277215429560357e-03
3.658181818181696144e+03 -3.378301717023766537e-03
3.654545454545332177e+03 -3.617187109526700649e-03
3.650909090908968210e+03 -3.746192350329038967e-03
3.647272727272604243e+03 -3.597584267611845469e-03
3.643636363636240276e+03 -3.523021880296314454e-03
3.639999999999876309e+03 -3.789320399730986260e-03
3.636363636363512342e+03 -3.559858269610836640e-03
3.632727272727148375e+03 -3.671453239402387540e-03
3.629090909090784407e+03 -3.509008296997567257e-03
3.625454545454420440e+03 -3.435879168121375952e-03
3.621818181818056473e+03 -3.475116302763234938e-03
3.618181818181692506e+03 -3.363112472413753214e-03
3.614545454545328539e+03 -3.612145993636609390e-03
3.610909090908964572e+03 -3.657006833022168144e-03
3.607272727272600605e+03 -3.901117553314920744e-03
3.603636363636236638e+03 -3.771397929779494833e-03
3.599999999999872671e+03 -3.930883500526911184e-03
3.596363636363508704e+03 -3.883839076183612845e-03
3.592727272727144737e+03 -3.828118720660487594e-03
3.589090909090780769e+03 -3.882014929078999102e-03
3.585454545454416802e+03 -3.849400436880985165e-03
3.581818181818052835e+03 -4.091357525370424575e-03
3.578181818181688868e+03 -4.081609271262105591e-03
3.574545454545324901e+03 -4.072400173933474719e-03
3.570909090908960934e+03 -4.054515145425017369e-03
3.567272727272596967e+03 -4.146568677268288976e-03
3.563636363636233000e+03 -3.940899835367353728e-03
3.559999999999869033e+03 -4.056538481006571537e-03
3.556363636363505066e+03 -4.029890657170448649e-03
3.552727272727141099e+03 -3.798056237219667695e-03
3.549090909090777131e+03 -3.921220612908709463e-03
3.545454545454413164e+03 -4.014412364620212684e-03
3.541818181818049197e+03 -4.256219687337517085e-03
3.538181818181685230e+03 -4.029618083465161434e-03
3.534545454545321263e+03 -4.015102784829758902e-03
3.530909090908957296e+03 -3.855480927229698509e-03
3.527272727272593329e+03 -4.243947879968709529e-03
3.523636363636229362e+03 -4.128929264626133439e-03
3.519999999999865395e+03 -4.081648210362861032e-03
3.516363636363501428e+03 -3.990148811876492035e-03
3.512727272727137461e+03 -4.083527770803165209e-03
3.509090909090773494e+03 -1.161115228276191069e-01
