Observed Rel.
4037.262 50.0
4037.615 150.0
4037.696 50.0
4042.327 100.0
4042.642 500.0
4064.036 500.0
4064.829 150.0
4068.835 300.0
4069.243 300.0
4069.389 50.0
4080.148 500.0
4112.1 150.0
4112.694 200.0
4112.865 100.0
4128.072 300.0
4130.512 200.0
4131.0613 700.0
4164.8079 500.0
4166.091 300.0
4174.3667 700.0
4175.2197 600.0
4175.488 400.0
4196.415 150.0
4198.1018 700.0
4267.724 50.0
4268.0086 700.0
4269.7223 700.0
4270.2252 500.0
4274.6617 500.0
4275.559 700.0
4278.85 50.0
4279.279 150.0
4283.242 100.0
4288.541 50.0
4303.248 300.0
4303.955 50.0
4306.2508 700.0
4314.695 300.0
4316.008 150.0
4318.834 50.0
4327.265 100.0
4334.1267 700.0
4336.2268 500.0
4346.036 150.0
4357.918 50.0
4362.69 300.0
4363.524 700.0
4372.157 300.0
4381.22 300.0
4394.773 150.0
4395.556 500.0
4398.136 50.0
4409.62 200.0
4412.285 200.0
4413.561 150.0
4415.141 50.0
4416.817 500.0
4421.5553 500.0
4422.5205 3000.0
4424.8065 3000.0
4425.4 1500.0
4427.755 300.0
4427.981 150.0
4432.5166 200.0
4433.398 100.0
4433.7239 700.0
4435.094 50.0
4444.978 300.0
4452.983 150.0
4453.253 50.0
4454.285 50.0
4455.564 150.0
4460.175 1000.0
4465.6544 500.0
4466.045 50.0
4466.812 700.0
4475.131 50.0
4475.656 1000.0
4480.823 150.0
4483.19 1500.0
4488.0926 3000.0
4491.7716 800.0
4491.838 500.0
4492.132 50.0
4492.412 300.0
4492.689 150.0
4493.108 50.0
4493.699 500.0
4500.182 500.0
4510.17 150.0
4514.891 700.0
4515.411 300.0
4516.936 500.0
4517.736 1000.0
4525.764 700.0
4526.177 500.0
4527.725 150.0
4529.476 300.0
4536.3003 1500.0
4537.6768 3000.0
4537.7545 10000.0
4538.3026 3000.0
4539.168 500.0
4540.3801 500.0
4544.502 500.0
4547.218 100.0
4547.728 150.0
4552.598 300.0
4554.415 100.0
4554.561 50.0
4554.824 400.0
4555.392 300.0
4565.888 600.0
4566.83 400.0
4567.139 150.0
4567.845 100.0
4573.0609 50.0
4573.557 500.0
4573.898 300.0
4575.062 3000.0
4575.858 200.0
4582.035 1500.0
4582.105 150.0
4582.4521 1500.0
4582.556 150.0
4582.98 50.0
4585.876 100.0
4593.243 500.0
4595.249 500.0
4604.095 150.0
4604.938 50.0
4609.365 300.0
4609.91 1500.0
4614.391 1000.0
4616.911 50.0
4617.837 700.0
4628.3113 1500.0
4628.46 300.0
4636.125 700.0
4636.6362 700.0
4636.974 500.0
4639.591 300.0
4640.443 700.0
4643.182 50.0
4644.833 400.0
4645.418 3000.0
4649.904 700.0
4652.101 300.0
4653.699 500.0
4656.3936 3000.0
4661.1054 1500.0
4663.092 400.0
4663.518 200.0
4666.654 500.0
4667.3643 1000.0
4670.884 700.0
4678.218 3000.0
4678.6107 500.0
4679.135 1500.0
4680.367 1000.0
4681.2 500.0
4681.93 200.0
4682.146 200.0
4682.91 100.0
4683.238 50.0
4683.764 300.0
4687.671 1000.0
4691.58 150.0
4695.363 200.0
4696.943 50.0
4700.469 50.0
4702.5305 1500.0
4704.3949 15000.0
4708.8594 12000.0
4710.065 10000.0
4710.4881 300.0
4712.0633 15000.0
4712.8 100.0
4714.3397 700.0
4715.1248 300.0
4715.258 300.0
4715.344 15000.0
4717.6085 700.0
4721.5337 700.0
4722.15 50.0
4722.714 150.0
4724.162 50.0
4725.145 700.0
4749.5754 3000.0
4750.6826 300.0
4751.802 300.0
4752.732 5000.0
4754.44 1000.0
4758.728 1500.0
4780.338 3000.0
4780.884 300.0
4788.9258 10000.0
4789.5982 1000.0
4790.2195 5000.0
4790.728 300.0
4800.111 150.0
4802.363 100.0
4809.5 100.0
4810.064 1500.0
4810.6392 1000.0
4814.338 500.0
4817.6386 3000.0
4818.7847 1500.0
4819.937 700.0
4821.9218 3000.0
4823.1725 1000.0
4823.37 500.0
4825.529 500.0
4827.338 10000.0
4827.587 3000.0
4829.288 50.0
4837.3139 5000.0
4842.566 100.0
4842.941 500.0
4845.145 150.0
4845.767 50.0
4849.53 300.0
4851.501 600.0
4852.655 1000.0
4859.604 150.0
4863.081 1000.0
4864.3729 300.0
4865.5065 1000.0
4866.476 800.0
4867.0189 700.0
4868.2766 700.0
4883.403 150.0
4884.917 10000.0
4885.0971 1000.0
4888.365 50.0
4892.09 5000.0
4892.228 100.0
4897.924 700.0
4899.013 500.0
4928.235 700.0
4930.944 500.0
4939.041 1000.0
4944.987 1000.0
4955.3905 1500.0
4957.0335 10000.0
4957.122 1500.0
4973.5555 1000.0
4974.76 500.0
4975.961 100.0
4979.625 50.0
4994.93 1500.0
4997.482 150.0
4998.502 100.0
5005.1587 5000.0
5005.3467 500.0
5011.003 250.0
5015.187 50.0
5022.87 250.0
5031.3484 2500.0
5036.0016 350.0
5037.7512 5000.0
5042.853 150.0
5045.816 150.0
5052.9443 250.0
5074.2007 350.0
5076.5971 350.0
5078.7693 150.0
5080.383 1500.0
5081.36 150.0
5083.9773 250.0
5090.321 80.0
5099.0522 250.0
5104.7011 350.0
5113.6724 750.0
5116.5032 1500.0
5117.0246 350.0
5120.5059 250.0
5122.2565 1500.0
5122.3613 1500.0
5143.265 50.0
5144.9384 5000.0
5145.011 5000.0
5145.1351 350.0
5150.0842 350.0
5151.961 750.0
5154.4271 500.0
5156.6672 500.0
5158.9018 500.0
5163.4847 100.0
5188.6122 1500.0
5191.3223 350.0
5193.1251 1500.0
5193.224 1500.0
5203.8962 1500.0
5208.8648 700.0
5210.5672 500.0
5214.3389 350.0
5222.3517 500.0
5234.0271 500.0
5274.0393 400.0
5280.0853 500.0
5298.1891 1500.0
5304.758 700.0
5314.7851 300.0
5316.8046 250.0
5326.396 750.0
5330.7775 6000.0
5333.3083 500.0
5335.71 100.0
5341.0938 10000.0
5343.0048 100.0
5343.2834 6000.0
5349.2038 1500.0
5353.513 50.0
5355.164 1500.0
5355.3394 50.0
5355.4236 1500.0
5358.02 100.0
5360.0121 1500.0
5360.4271 350.0
5362.2334 250.0
5366.2169 250.0
5372.311 750.0
5374.975 500.0
5383.2457 250.0
5400.5616 20000.0
5410.12 50.0
5412.649 2500.0
5418.5584 1500.0
5420.155 500.0
5433.6513 2500.0
5447.12 80.0
5448.5091 1500.0
5494.4158 500.0
5507.3442 250.0
5511.485 150.0
5533.6788 750.0
5538.651 500.0
5559.0978 350.0
5562.4416 1500.0
5562.7662 5000.0
5563.0531 750.0
5576.0394 350.0
5585.905 50.0
5589.3472 500.0
5591.15 80.0
5652.5664 750.0
5656.0258 750.0
5656.6588 5000.0
5662.5489 750.0
5684.647 250.0
5689.8163 1500.0
5715.3409 350.0
5718.8798 1500.0
5719.2248 5000.0
5719.53 750.0
5748.2985 5000.0
5748.6446 700.0
5760.5885 700.0
5764.4188 7000.0
5770.3067 500.0
5804.09 750.0
5804.4496 5000.0
5811.4066 3000.0
5816.6219 500.0
5820.1558 5000.0
5828.9063 750.0
5852.4878 20000.0
5868.4165 750.0
5872.145 750.0
5872.8275 5000.0
5881.895 10000.0
5898.3287 200.0
5902.4623 500.0
5902.7835 50.0
5906.4294 500.0
5913.633 2500.0
5918.9068 2500.0
5919.029 80.0
5934.4522 750.0
5939.3154 500.0
5944.834 5000.0
5961.6228 700.0
5965.471 5000.0
5966.179 350.0
5974.6273 5000.0
5975.5343 6000.0
5982.3753 80.0
5987.9074 1500.0
5991.6477 750.0
6000.9275 1000.0
6029.9968 10000.0
6042.013 150.0
6046.1348 500.0
6064.5359 500.0
6074.3376 10000.0
6096.163 3000.0
6118.0187 150.0
6128.4498 1000.0
6142.508 1000.0
6143.0627 10000.0
6150.2985 1000.0
6156.138 500.0
6163.5937 10000.0
6172.8156 150.0
6174.8829 700.0
6175.2842 500.0
6182.146 1500.0
6183.1575 50.0
6189.0649 700.0
6193.0663 500.0
6202.974 150.0
6205.7775 1000.0
6213.8758 1500.0
6217.2812 10000.0
6225.735 500.0
6246.7294 1000.0
6249.593 50.0
6258.7884 1000.0
6266.4952 10000.0
6273.0141 700.0
6276.0327 500.0
6293.7447 1000.0
6304.7893 1000.0
6313.6855 1500.0
6328.1646 3000.0
6330.8894 1500.0
6334.4276 10000.0
6351.8532 1000.0
6364.9963 1000.0
6382.9914 10000.0
6401.076 1000.0
6402.248 20000.0
6409.7469 1500.0
6421.7044 1000.0
6444.7118 1500.0
6506.5277 15000.0
6532.8824 1000.0
6598.9528 10000.0
6602.9007 1000.0
6640.0095 100.0
6640.8 50.0
6652.0925 1500.0
6666.892 1000.0
6678.2766 5000.0
6717.043 700.0
6738.032 700.0
6759.5821 150.0
6929.4672 100000.0
