Observed Rel.
4037.262 50
4037.615 150
4037.696 50
4042.327 100
4042.642 500
4064.036 500
4064.829 150
4068.835 300
4069.243 300
4069.389 50
4080.148 500
4112.1 150
4112.694 200
4112.865 100
4128.072 300
4130.512 200
4131.0613 700
4164.8079 500
4166.091 300
4174.3667 700
4175.2197 600
4175.488 400
4196.415 150
4198.1018 700
4267.724 50
4268.0086 700
4269.7223 700
4270.2252 500
4274.6617 500
4275.559 700
4278.85 50
4279.279 150
4283.242 100
4288.541 50
4303.248 300
4303.955 50
4306.2508 700
4314.695 300
4316.008 150
4318.834 50
4327.265 100
4334.1267 700
4336.2268 500
4346.036 150
4357.918 50
4362.69 300
4363.524 700
4372.157 300
4381.22 300
4394.773 150
4395.556 500
4398.136 50
4409.62 200
4412.285 200
4413.561 150
4415.141 50
4416.817 500
4421.5553 500
4422.5205 3000
4424.8065 3000
4425.4 1500
4427.755 300
4427.981 150
4432.5166 200
4433.398 100
4433.7239 700
4435.094 50
4444.978 300
4452.983 150
4453.253 50
4454.285 50
4455.564 150
4460.175 1000
4465.6544 500
4466.045 50
4466.812 700
4475.131 50
4475.656 1000
4480.823 150
4483.19 1500
4488.0926 3000
4491.7716 800
4491.838 500
4492.132 50
4492.412 300
4492.689 150
4493.108 50
4493.699 500
4500.182 500
4510.17 150
4514.891 700
4515.411 300
4516.936 500
4517.736 1000
4525.764 700
4526.177 500
4527.725 150
4529.476 300
4536.3003 1500
4537.6768 3000
4537.7545 10000
4538.3026 3000
4539.168 500
4540.3801 500
4544.502 500
4547.218 100
4547.728 150
4552.598 300
4554.415 100
4554.561 50
4554.824 400
4555.392 300
4565.888 600
4566.83 400
4567.139 150
4567.845 100
4573.0609 50
4573.557 500
4573.898 300
4575.062 3000
4575.858 200
4582.035 1500
4582.105 150
4582.4521 1500
4582.556 150
4582.98 50
4585.876 100
4593.243 500
4595.249 500
4604.095 150
4604.938 50
4609.365 300
4609.91 1500
4614.391 1000
4616.911 50
4617.837 700
4628.3113 1500
4628.46 300
4636.125 700
4636.6362 700
4636.974 500
4639.591 300
4640.443 700
4643.182 50
4644.833 400
4645.418 3000
4649.904 700
4652.101 300
4653.699 500
4656.3936 3000
4661.1054 1500
4663.092 400
4663.518 200
4666.654 500
4667.3643 1000
4670.884 700
4678.218 3000
4678.6107 500
4679.135 1500
4680.367 1000
4681.2 500
4681.93 200
4682.146 200
4682.91 100
4683.238 50
4683.764 300
4687.671 1000
4691.58 150
4695.363 200
4696.943 50
4700.469 50
4702.5305 1500
4704.3949 15000
4708.8594 12000
4710.065 10000
4710.4881 300
4712.0633 15000
4712.8 100
4714.3397 700
4715.1248 300
4715.258 300
4715.344 15000
4717.6085 700
4721.5337 700
4722.15 50
4722.714 150
4724.162 50
4725.145 700
4749.5754 3000
4750.6826 300
4751.802 300
4752.732 5000
4754.44 1000
4758.728 1500
4780.338 3000
4780.884 300
4788.9258 10000
4789.5982 1000
4790.2195 5000
4790.728 300
4800.111 150
4802.363 100
4809.5 100
4810.064 1500
4810.6392 1000
4814.338 500
4817.6386 3000
4818.7847 1500
4819.937 700
4821.9218 3000
4823.1725 1000
4823.37 500
4825.529 500
4827.338 10000
4827.587 3000
4829.288 50
4837.3139 5000
4842.566 100
4842.941 500
4845.145 150
4845.767 50
4849.53 300
4851.501 600
4852.655 1000
4859.604 150
4863.081 1000
4864.3729 300
4865.5065 1000
4866.476 800
4867.0189 700
4868.2766 700
4883.403 150
4884.917 10000
4885.0971 1000
4888.365 50
4892.09 5000
4892.228 100
4897.924 700
4899.013 500
4928.235 700
4930.944 500
4939.041 1000
4944.987 1000
4955.3905 1500
4957.0335 10000
4957.122 1500
4973.5555 1000
4974.76 500
4975.961 100
4979.625 50
4994.93 1500
4997.482 150
4998.502 100
5005.1587 5000
5005.3467 500
5011.003 250
5015.187 50
5022.87 250
5031.3484 2500
5036.0016 350
5037.7512 5000
5042.853 150
5045.816 150
5052.9443 250
5074.2007 350
5076.5971 350
5078.7693 150
5080.383 1500
5081.36 150
5083.9773 250
5090.321 80
5099.0522 250
5104.7011 350
5113.6724 750
5116.5032 1500
5117.0246 350
5120.5059 250
5122.2565 1500
5122.3613 1500
5143.265 50
5144.9384 5000
5145.011 5000
5145.1351 350
5150.0842 350
5151.961 750
5154.4271 500
5156.6672 500
5158.9018 500
5163.4847 100
5188.6122 1500
5191.3223 350
5193.1251 1500
5193.224 1500
5203.8962 1500
5208.8648 700
5210.5672 500
5214.3389 350
5222.3517 500
5234.0271 500
5274.0393 400
5280.0853 500
5298.1891 1500
5304.758 700
5314.7851 300
5316.8046 250
5326.396 750
5330.7775 6000
5333.3083 500
5335.71 100
5341.0938 10000
5343.0048 100
5343.2834 6000
5349.2038 1500
5353.513 50
5355.164 1500
5355.3394 50
5355.4236 1500
5358.02 100
5360.0121 1500
5360.4271 350
5362.2334 250
5366.2169 250
5372.311 750
5374.975 500
5383.2457 250
5400.5616 20000
5410.12 50
5412.649 2500
5418.5584 1500
5420.155 500
5433.6513 2500
5447.12 80
5448.5091 1500
5494.4158 500
5507.3442 250
5511.485 150
5533.6788 750
5538.651 500
5559.0978 350
5562.4416 1500
5562.7662 5000
5563.0531 750
5576.0394 350
5585.905 50
5589.3472 500
5591.15 80
5652.5664 750
5656.0258 750
5656.6588 5000
5662.5489 750
5684.647 250
5689.8163 1500
5715.3409 350
5718.8798 1500
5719.2248 5000
5719.53 750
5748.2985 5000
5748.6446 700
5760.5885 700
5764.4188 7000
5770.3067 500
5804.09 750
5804.4496 5000
5811.4066 3000
5816.6219 500
5820.1558 5000
5828.9063 750
5852.4878 20000
5868.4165 750
5872.145 750
5872.8275 5000
5881.895 10000
5898.3287 200
5902.4623 500
5902.7835 50
5906.4294 500
5913.633 2500
5918.9068 2500
5919.029 80
5934.4522 750
5939.3154 500
5944.834 5000
5961.6228 700
5965.471 5000
5966.179 350
5974.6273 5000
5975.5343 6000
5982.3753 80
5987.9074 1500
5991.6477 750
6000.9275 1000
6029.9968 10000
6042.013 150
6046.1348 500
6064.5359 500
6074.3376 10000
6096.163 3000
6118.0187 150
6128.4498 1000
6142.508 1000
6143.0627 10000
6150.2985 1000
6156.138 500
6163.5937 10000
6172.8156 150
6174.8829 700
6175.2842 500
6182.146 1500
6183.1575 50
6189.0649 700
6193.0663 500
6202.974 150
6205.7775 1000
6213.8758 1500
6217.2812 10000
6225.735 500
6246.7294 1000
6249.593 50
6258.7884 1000
6266.4952 10000
6273.0141 700
6276.0327 500
6293.7447 1000
6304.7893 1000
6313.6855 1500
6328.1646 3000
6330.8894 1500
6334.4276 10000
6351.8532 1000
6364.9963 1000
6382.9914 10000
6401.076 1000
6402.248 20000
6409.7469 1500
6421.7044 1000
6444.7118 1500
6506.5277 15000
6532.8824 1000
6598.9528 10000
6602.9007 1000
6640.0095 100
6640.8 50
6652.0925 1500
6666.892 1000
6678.2766 5000
6717.043 700
6738.032 700
6759.5821 150
6929.4672 100000
