obs_wl_air(A)	unc_obs_wl	intens	Aki(s^-1)	fik	Acc	Type
3943.540	0.020	20				
3984.065	0.020	20				
3984.253	0.020	70				
3995.298	0.020	10				
3995.721	0.020	10				
3998.594	0.020	10				
3999.263	0.020	10				
4013.752	0.020	10				
4013.995	0.020	20				
4020.015	0.020	20				
4037.262	0.020	50				
4037.615	0.020	150				
4037.696	0.020	50				
4042.327	0.020	100				
4042.642	0.020	500				
4045.662	0.020	20				
4064.036	0.020	500				
4064.829	0.020	150				
4068.835	0.020	300				
4069.243	0.020	300				
4069.389	0.020	50				
4079.359	0.020	20				
4080.148	0.020	500				
4111.882	0.020	10				
4112.100	0.020	150				
4112.694	0.020	200				
4112.865	0.020	100				
4126.941	0.020	20				
4128.072	0.020	300				
4130.512	0.020	200				
4131.0613	0.0020	700				
4164.8079	0.0020	500				
4166.091	0.020	300				
4173.966	0.020	20				
4174.3667	0.0020	700				
4175.2197	0.0020	600				
4175.488	0.020	400				
4196.415	0.020	150				
4198.1018	0.0020	700				
4203.270	0.020	20*				
4203.270	0.020	20*				
4203.270	0.020	20*				
4232.323	0.020	10				
4249.538	0.020	20				
4252.418	0.020	20				
4252.775	0.020	20				
4256.498	0.020	20*				
4256.498	0.020	20*				
4259.739	0.020	10				
4262.479	0.020	20				
4267.286	0.020	10				
4267.724	0.020	50				
4268.0086	0.0020	700				
4269.7223	0.0020	700				
4270.2252	0.0020	500				
4274.6617	0.0020	500				
4275.167	0.020	10				
4275.5590	0.0020	700				
4278.850	0.020	50				
4279.279	0.020	150				
4283.242	0.020	100				
4288.541	0.020	50				
4289.799	0.020	20				
4291.976	0.020	20*				
4291.976	0.020	20*				
4291.976	0.020	20*				
4303.248	0.020	300				
4303.695	0.020	10				
4303.955	0.020	50				
4306.2508	0.0020	700				
4310.130	0.020	20				
4314.110	0.020	10				
4314.695	0.020	300				
4316.008	0.020	150				
4318.834	0.020	50				
4319.511	0.020	10				
4321.492	0.020	20				
4327.265	0.020	100				
4334.1267	0.0004	700				
4336.2268	0.0020	500				
4338.200	0.020	20				
4340.256	0.020	20				
4340.420	0.020	20				
4345.479	0.020	20*				
4345.479	0.020	20*				
4345.762	0.020	10				
4346.036	0.020	150				
4357.298	0.020	20				
4357.918	0.020	50				
4358.816	0.020	20				
4362.690	0.020	300				
4363.228	0.020	20				
4363.5240	0.0010	700				
4365.705	0.020	10				
4371.796	0.020	20				
4372.157	0.020	300				
4374.997	0.020	20*				
4374.997	0.020	20*				
4377.754	0.020	20*				
4377.754	0.020	20				
4381.2200	0.0010	300				
4394.370	0.020	150*				
4394.370	0.020	150*				
4394.370	0.020	150*				
4394.773	0.020	150				
4395.008	0.020	10				
4395.306	0.020	10				
4395.5560	0.0010	500				
4395.969	0.020	10				
4397.175	0.020	10				
4398.136	0.020	50				
4402.374	0.020	20				
4402.580	0.020	10				
4402.985	0.020	10				
4405.582	0.020	20				
4409.620	0.020	200				
4412.285	0.020	200				
4413.561	0.020	150				
4415.141	0.020	50				
4416.817	0.020	500				
4420.558	0.020	10				
4421.5553	0.0020	500				
4422.5205	0.0004	3000				
4424.8065	0.0020	3000				
4425.4000	0.0010	1500				
4427.755	0.020	300				
4427.981	0.020	150				
4429.410	0.020	10				
4432.5166	0.0020	200				
4433.398	0.020	100				
4433.7239	0.0004	700				
4435.094	0.020	50				
4440.363	0.020	150*				
4440.363	0.020	150*				
4440.812	0.020	20				
4440.890	0.020	10				
4444.978	0.020	300				
4445.671	0.020	10				
4446.538	0.020	10				
4452.983	0.020	150				
4453.253	0.020	50				
4453.324	0.020	20				
4453.528	0.020	10				
4454.285	0.020	50				
4455.564	0.020	150				
4456.380	0.020	10				
4460.1750	0.0010	1000				
4462.856	0.020	20				
4465.6544	0.0020	500				
4466.045	0.020	50				
4466.503	0.020	20				
4466.8120	0.0004	700				
4467.491	0.020	10				
4470.971	0.020	50*				
4470.971	0.020	50*				
4472.246	0.020	10*				
4472.246	0.020	10*				
4475.131	0.020	50				
4475.6560	0.0010	1000				
4480.823	0.020	150				
4483.1900	0.0010	1500				
4488.0926	0.0004	3000				
4491.7716	0.0020	800				
4491.838	0.020	500				
4492.132	0.020	50				
4492.412	0.020	300				
4492.689	0.020	150				
4493.108	0.020	50				
4493.699	0.020	500				
4499.000	0.020	20				
4499.843	0.020	50*				
4499.843	0.020	50*				
4500.1820	0.0010	500				
4510.170	0.020	150				
4511.509	0.020	200*				
4511.509	0.020	200*				
4514.891	0.020	700				
4515.022	0.020	20				
4515.411	0.020	300				
4516.936	0.020	500				
4517.7360	0.0010	1000				
4525.7640	0.0010	700				
4526.177	0.020	500				
4526.685	0.020	150*				
4526.685	0.020	150*				
4527.725	0.020	150				
4527.973	0.020	10				
4529.476	0.020	300				
4532.395	0.020	10				
4536.3003	0.0020	1500	4.29e+05	1.32e-03	C	
4537.6768	0.0020	3000	4.77e+05	2.45e-03	C+	
4537.7545	0.0004	10000	8.16e+05	4.20e-03	C+	
4538.3026	0.0020	3000				
4539.168	0.020	500				
4540.3801	0.0004	500				
4544.502	0.020	500				
4545.729	0.020	10				
4547.218	0.020	100				
4547.728	0.020	150				
4550.640	0.020	10				
4552.5980	0.0010	300				
4554.415	0.020	100				
4554.561	0.020	50				
4554.824	0.020	400				
4555.392	0.020	300				
4556.698	0.020	20				
4562.449	0.020	10				
4565.8880	0.0010	600				
4566.830	0.020	400				
4567.139	0.020	150				
4567.845	0.020	100				
4573.0609	0.0020	50				
4573.557	0.020	500				
4573.898	0.020	300				
4575.0620	0.0004	3000				
4575.858	0.020	200				
4582.0350	0.0010	1500				
4582.105	0.020	150				
4582.4521	0.0004	1500				
4582.556	0.020	150				
4582.980	0.020	50				
4585.876	0.020	100				
4586.145	0.020	20				
4593.243	0.020	500				
4595.249	0.020	500				
4604.095	0.020	150				
4604.680	0.020	10				
4604.938	0.020	50				
4609.365	0.020	300				
4609.9100	0.0010	1500				
4614.3910	0.0010	1000				
4616.911	0.020	50				
4617.8370	0.0010	700				
4627.799	0.020	20				
4628.3113	0.0004	1500				
4628.460	0.020	300				
4636.1250	0.0010	700				
4636.6362	0.0020	700				
4636.974	0.020	500				
4639.591	0.020	300				
4640.443	0.020	700				
4643.182	0.020	50				
4643.931	0.020	20				
4644.833	0.020	400				
4645.4180	0.0004	3000				
4645.885	0.020	10				
4649.9040	0.0010	700				
4652.101	0.020	300				
4653.699	0.020	500				
4656.3936	0.0004	3000				
4661.1054	0.0004	1500				
4663.092	0.020	400				
4663.518	0.020	200				
4666.654	0.020	500				
4667.3643	0.0020	1000				
4670.8840	0.0010	700				
4678.2180	0.0010	3000				
4678.6107	0.0020	500				
4679.1350	0.0010	1500				
4680.3670	0.0020	1000				
4681.200	0.020	500				
4681.930	0.020	200				
4682.146	0.020	200				
4682.910	0.020	100				
4683.238	0.020	50				
4683.764	0.020	300				
4687.6710	0.0010	1000				
4688.191	0.020	20				
4691.580	0.020	150				
4695.363	0.020	200				
4696.943	0.020	50				
4700.469	0.020	50				
4702.5305	0.0020	1500	1.62e+05	5.4e-04	C	
4704.3949	0.0004	15000	2.10e+06	1.16e-02	C+	
4708.8594	0.0020	12000	3.26e+06	1.08e-02	C+	
4710.0650	0.0020	10000	4.09e+06	4.53e-03	C+	
4710.4881	0.0020	300				
4712.0633	0.0020	15000				
4712.1406	0.0020	150*				
4712.1406	0.0020	150*				
4712.800	0.020	100				
4714.3397	0.0020	700				
4715.1248	0.0020	300				
4715.2580	0.0020	300				
4715.3440	0.0010	15000				
4717.6085	0.0020	700				
4721.5337	0.0020	700				
4722.150	0.020	50				
4722.714	0.020	150				
4723.810	0.020	700*				
4723.810	0.020	700*				
4724.162	0.020	50				
4725.1450	0.0010	700				
4749.5754	0.0004	3000				
4750.6826	0.0020	300				
4751.802	0.020	300				
4752.7320	0.0004	5000				
4753.123	0.020	10				
4754.440	0.020	1000				
4758.7280	0.0010	1500				
4780.3380	0.0010	3000				
4780.884	0.020	300				
4781.239	0.020	20				
4784.022	0.020	20				
4788.9258	0.0010	10000				
4789.5982	0.0020	1000				
4790.2195	0.0020	5000				
4790.728	0.020	300				
4800.1110	0.0010	150				
4801.076	0.020	20				
4802.363	0.020	100				
4803.225	0.020	10				
4809.500	0.020	100				
4810.0640	0.0004	1500				
4810.6392	0.0020	1000				
4814.338	0.020	500				
4816.900	0.020	10				
4817.6386	0.0004	3000				
4818.7847	0.0020	1500				
4819.937	0.020	700				
4821.9218	0.0020	3000				
4823.1725	0.0020	1000				
4823.370	0.020	500				
4825.529	0.020	500				
4827.3380	0.0010	10000				
4827.5870	0.0010	3000				
4829.288	0.020	50				
4837.3139	0.0004	5000				
4842.566	0.020	100				
4842.941	0.020	500				
4845.145	0.020	150				
4845.767	0.020	50				
4849.530	0.020	300				
4851.501	0.020	600				
4852.6550	0.0010	1000				
4859.604	0.020	150				
4863.0810	0.0020	1000				
4864.3729	0.0020	300				
4865.5065	0.0020	1000				
4866.4760	0.0010	800				
4867.0189	0.0020	700				
4868.2766	0.0020	700				
4883.403	0.020	150				
4884.9170	0.0004	10000	4.15e+05	2.08e-03	C+	
4885.0971	0.0020	1000	1.02e+05	3.66e-04	C	
4888.365	0.020	50				
4892.0900	0.0010	5000				
4892.228	0.020	100				
4897.924	0.020	700				
4899.013	0.020	500				
4928.2350	0.0010	700				
4930.944	0.020	500				
4939.0410	0.0010	1000				
4944.9870	0.0010	1000				
4955.3905	0.0020	1500	2.69e+05	9.9e-04	C	
4957.0335	0.0004	10000	1.06e+06	6.53e-03	C+	
4957.1220	0.0010	1500	3.41e+05	2.09e-03	C+	
4973.5555	0.0020	1000				
4974.760	0.020	500				
4975.961	0.020	100				
4979.625	0.020	50				
4994.9300	0.0010	1500				
4996.209	0.020	20				
4997.482	0.020	150				
4998.502	0.020	100				
5000.395	0.020	30				
5003.561	0.020	20				
5005.1587	0.0004	5000	4.37e+05	2.30e-03	C+	
5005.3467	0.0030	500	1.53e+05	5.7e-04	C	
5011.0030	0.0010	250				
5015.187	0.020	50				
5022.8700	0.0010	250				
5031.3484	0.0010	2500	1.34e+06	5.10e-03	C+	
5031.5087	0.0030	20	9.8e+04	2.66e-04	C	
5036.0016	0.0030	350	2.08e+05	5.7e-04	C	
5037.5927	0.0030	30	2.26e+05	8.6e-04	C	
5037.7512	0.0004	5000	4.44e+06	2.17e-02	C+	
5041.598	0.020	10				
5042.853	0.020	150				
5045.816	0.020	150				
5046.608	0.020	30				
5052.9443	0.0030	250				
5059.150	0.020	20				
5074.0459	0.0030	30	6.0e+04	3.24e-04	C	
5074.2007	0.0004	350	1.42e+06	5.50e-03	C+	
5076.5971	0.0030	350	2.86e+05	6.6e-04	C	
5078.7693	0.0030	150	8.6e+04	3.32e-04	C	
5080.3830	0.0010	1500	3.39e+06	1.84e-02	C+	
5081.360	0.020	150				
5083.9773	0.0030	250	1.25e+05	2.90e-04	C	
5090.321	0.020	80				
5099.0522	0.0030	250				
5104.7011	0.0004	350				
5113.6724	0.0004	750	8.67e+05	3.40e-03	C+	
5116.5032	0.0004	1500	2.59e+06	1.69e-02	C+	
5117.0246	0.0030	350	9.6e+04	6.3e-04	C	
5120.5059	0.0030	250	3.47e+05	1.37e-03	C	
5121.866	0.020	20				
5122.2565	0.0004	1500	1.96e+06	1.28e-02	C+	
5122.3613	0.0030	1500	6.30e+05	4.13e-03	C+	
5128.280	0.020	20				
5143.265	0.020	50				
5144.9384	0.0004	5000	3.29e+06	1.83e-02	C+	
5145.011	0.020	5000				
5145.1351	0.0030	350	7.81e+05	3.10e-03	C+	
5150.0842	0.0030	350				
5151.9610	0.0004	750	1.71e+06	1.13e-02	C+	
5154.4271	0.0004	500	1.29e+06	5.13e-03	C+	
5156.6672	0.0004	500	1.51e+05	1.00e-03	C	
5158.9018	0.0004	500	1.12e+06	1.34e-02	C+	
5163.4847	0.0030	100	4.08e+05	5.4e-04	C	
5182.320	0.020	20				
5188.6122	0.0004	1500				
5191.3223	0.0004	350	8.66e+05	3.50e-03	C+	
5193.1251	0.0030	1500	9.15e+05	6.17e-03	C+	
5193.2240	0.0010	1500	1.58e+06	1.07e-02	C+	
5203.8962	0.0004	1500	2.31e+06	1.32e-02	C+	
5206.565	0.020	30				
5208.8648	0.0004	700	1.43e+06	5.84e-03	C+	
5210.5672	0.0004	500	4.38e+05	2.50e-03	C+	
5214.3389	0.0004	350	4.39e+05	1.07e-03	C	
5222.3517	0.0004	500				
5234.0271	0.0004	500				
5274.0393	0.0004	400				
5280.0853	0.0004	500				
5298.1891	0.0004	1500				
5304.7580	0.0004	700				
5314.7851	0.0030	300				
5316.8046	0.0030	250				
5320.550	0.020	20				
5326.3960	0.0010	750	5.49e+05	2.34e-03	C+	
5330.6720	0.0030	5	6.94e+05	4.93e-03	C+	
5330.7775	0.0004	6000	5.30e+06	3.77e-02	C+	
5333.3083	0.0030	500	4.70e+05	2.00e-03	C+	
5335.710	0.020	100	5.2e+04	3.73e-04	C	
5341.0938	0.0004	10000	7.74e+06	3.31e-02	C+	
5342.700	0.020	10				
5343.0048	0.0030	100				
5343.2834	0.0004	6000	9.76e+06	1.39e-02	C+	
5349.2038	0.0004	1500				
5353.513	0.020	50				
5355.1640	0.0030	1500	3.35e+05	2.02e-03	C+	
5355.3394	0.0030	50	1.18e+05	5.1e-04	C	
5355.4236	0.0030	1500				
5358.020	0.020	100				
5360.0121	0.0004	1500				
5360.4271	0.0030	350	1.89e+05	8.2e-04	C	
5362.2334	0.0030	250	6.9e+04	4.14e-04	C	
5366.2169	0.0030	250	8.7e+04	2.26e-04	C	
5372.3110	0.0004	750				
5374.9750	0.0010	500	6.44e+05	8.37e-03	C+	
5383.2457	0.0030	250	1.80e+05	2.35e-03	C	
5400.5616	0.0004	20000	9.00e+05	1.31e-03	B+	
5410.12	0.02	50				
5412.6490	0.0004	2500	3.01e+05	2.20e-03	C+	
5418.5584	0.0004	1500	3.78e+05	1.66e-03	C	
5420.155	0.020	500	4.33e+05	6.4e-04	C	
5433.6513	0.0004	2500	2.83e+05	1.25e-03	B+	
5447.120	0.020	80				
5448.5091	0.0004	1500	4.65e+05	6.90e-04	B+	
5494.4158	0.0004	500				
5507.3442	0.0030	250				
5511.176	0.020	30				
5511.485	0.020	150				
5520.63	0.02	30				
5533.6788	0.0004	750				
5538.6510	0.0004	500				
5559.0978	0.0030	350				
5562.4416	0.0030	1500	1.43e+05	6.7e-04	C	
5562.7662	0.0004	5000	9.88e+05	6.42e-03	C+	
5563.0531	0.0030	750	1.02e+05	4.72e-04	C	
5576.0394	0.0030	350				
5585.905	0.020	50				
5589.3472	0.0030	500				
5591.15	0.02	80				
5652.5664	0.0004	750	7.37e+05	3.53e-03	C+	
5656.0258	0.0030	750	3.66e+05	2.93e-03	C+	
5656.6588	0.0004	5000	2.95e+06	2.36e-02	C+	
5662.5489	0.0004	750	5.31e+05	2.55e-03	B+	
5684.647	0.020	250				
5689.8163	0.0004	1500	1.41e+06	1.14e-02	B+	
5715.3409	0.0030	350				
5718.8798	0.0030	1500	2.54e+05	1.25e-03	C+	
5719.2248	0.0004	5000	9.84e+05	6.76e-03	C+	
5719.5300	0.0030	750	1.96e+05	9.6e-04	C	
5748.2985	0.0004	5000	3.34e+06	1.66e-02	C+	
5748.6446	0.0030	700	2.53e+05	8.97e-04	C+	
5760.5885	0.0004	700	5.06e+05	1.80e-03	C+	
5764.0525	0.0030	30	5.50e+05	2.74e-03	C+	
5764.4188	0.0004	7000	1.12e+07	7.17e-02	B	
5770.3067	0.0030	500	4.04e+05	6.06e-03	C+	
5804.0900	0.0030	750	1.88e+05	1.33e-03	C+	
5804.4496	0.0004	5000	3.60e+06	1.82e-02	C+	
5811.4066	0.0004	3000	7.37e+05	2.24e-03	C+	
5816.6219	0.0030	500	1.73e+05	8.8e-04	C	
5820.1558	0.0004	5000	8.60e+06	6.12e-02	C+	
5828.9063	0.0030	750	2.87e+05	8.8e-04	C	
5852.4878	0.0005	20000	6.15e+07	1.053e-01	AA	
5868.4165	0.0030	750	8.26e+05	4.27e-03	C+	
5872.1450	0.0030	750	6.69e+05	5.77e-03	C+	
5872.8275	0.0004	5000	6.07e+06	5.23e-02	C+	
5881.8950	0.0005	10000	1.15e+07	3.58e-02	B+	
5898.3287	0.0030	200	2.01e+05	6.3e-04	C	
5902.0944	0.0030	30	7.35e+05	3.84e-03	C+	
5902.4623	0.0004	500	8.56e+06	6.26e-02	C+	
5902.7835	0.0004	50	1.25e+06	6.52e-03	C+	
5906.4294	0.0004	500	4.51e+06	3.93e-02	C+	
5913.6330	0.0010	2500	3.19e+06	1.67e-02	C+	
5918.9068	0.0004	2500	2.97e+06	4.68e-02	C+	
5919.0290	0.0040	80	4.15e+05	3.63e-03	C+	
5934.4522	0.0040	750	1.08e+06	1.90e-03	C+	
5939.3154	0.0040	500	2.00e+05	6.35e-04	B+	
5944.8340	0.0005	5000	1.13e+07	5.99e-02	B+	
5961.6228	0.0004	700	2.28e+06	1.22e-02	C+	
5965.4710	0.0004	5000	6.41e+06	5.70e-02	C+	
5966.1790	0.0040	350	2.42e+05	2.15e-03	C+	
5974.6273	0.0004	5000	6.06e+06	4.54e-02	C+	
5975.5343	0.0005	6000	3.51e+06	1.13e-02	B+	
5982.3753	0.0040	80	9.9e+04	3.18e-04	C	
5987.9074	0.0004	1500	3.63e+06	1.95e-02	C+	
5991.6477	0.0040	750	1.18e+06	8.92e-03	C+	
6000.9275	0.0004	1000	1.14e+06	3.70e-03	C+	
6029.9968	0.0005	10000	5.61e+06	3.06e-02	B+	
6042.013	0.020	150	1.56e+05	2.57e-03	C	
6046.1348	0.0004	500	2.26e+05	1.24e-03	B+	
6064.5359	0.0004	500	1.64e+06	3.02e-03	B+	
6074.3376	0.0005	10000	6.03e+07	1.11e-01	B+	
6096.1630	0.0005	3000	1.81e+07	1.68e-01	B+	
6118.0187	0.0040	150	6.09e+05	2.05e-03	B+	
6128.4498	0.0004	1000	6.70e+05	3.77e-03	B+	
6142.508	0.020	1000	1.64e+06	1.54e-02	C+	
6143.0627	0.0005	10000	2.82e+07	1.60e-01	B+	
6150.2985	0.0040	1000	1.33e+06	7.53e-03	C+	
6156.1380	0.0040	500	1.72e+05	1.63e-03	C	
6163.5937	0.0005	10000	1.46e+07	2.50e-01	B+	
6172.8156	0.0040	150	4.27e+05	8.1e-04	C	
6174.8829	0.0004	700	7.52e+05	6.02e-03	C+	
6175.2842	0.0040	500	3.00e+05	1.72e-03	C+	
6182.1460	0.0004	1500	3.72e+06	1.52e-02	B+	
6183.1575	0.0040	50	1.18e+05	4.06e-04	C	
6189.0649	0.0004	700	5.88e+05	3.38e-03	C+	
6193.0663	0.0004	500	1.80e+05	1.45e-03	C+	
6202.9740	0.0040	150	2.44e+05	8.4e-04	C	
6205.7775	0.0004	1000	1.52e+06	2.63e-02	C+	
6213.8758	0.0004	1500	2.85e+06	9.90e-03	B+	
6217.2812	0.0005	10000	6.37e+06	2.22e-02	B+	
6225.7350	0.0040	500	6.19e+05	1.08e-02	C+	
6246.7294	0.0004	1000	7.97e+05	4.67e-03	B+	
6249.593	0.020	50				
6252.732	0.020	20				
6258.7884	0.0040	1000	6.06e+05	5.93e-03	C+	
6266.4952	0.0005	10000	2.49e+07	4.40e-01	B+	
6273.0141	0.0040	700	9.94e+05	5.87e-03	C+	
6276.0327	0.0040	500	1.25e+06	2.46e-03	C+	
6293.7447	0.0004	1000	6.39e+05	3.80e-03	B+	
6304.7893	0.0005	1000	4.16e+06	4.13e-02	B+	
6313.6855	0.0040	1500	3.40e+06	6.78e-03	B+	
6328.1646	0.0004	3000	3.39e+06	1.22e-02	B+	
6330.8894	0.0040	1500	1.46e+06	8.78e-03	B+	
6334.4276	0.0005	10000	1.61e+07	9.69e-02	B+	
6351.8532	0.0040	1000	3.45e+05	6.26e-03	B+	
6364.9963	0.0040	1000	1.60e+05	1.62e-03	B+	
6382.9914	0.0005	10000	3.21e+07	1.96e-01	B+	
6401.076	0.020	1000	1.39e+06	8.54e-03	B+	
6402.2480	0.0010	20000	5.149e+07	4.432e-01	AAA	
6409.7469	0.0040	1500	1.41e+06	5.21e-03	B+	
6421.7044	0.0040	1000	2.10e+06	4.33e-03	B+	
6444.7118	0.0004	1500	1.16e+06	7.23e-03	B+	
6506.5277	0.0005	15000	3.00e+07	3.18e-01	B+	
6532.8824	0.0005	1000	1.08e+07	2.07e-01	B+	
6598.9528	0.0005	10000	2.32e+07	1.52e-01	B+	
6602.9007	0.0040	1000	4.76e+05	3.11e-03	B+	
6640.0095	0.0040	100	6.21e+04	6.85e-04	B+	
6640.80	0.02	50	3.80e+03	1.51e-05	C	
6652.0925	0.0004	1500	2.90e+05	6.42e-04	B	
6666.892	0.007	1000	3.57e+05	7.14e-03	B+	
6678.2766	0.0005	5000	2.33e+07	2.60e-01	B+	
6717.0430	0.0005	700	2.17e+07	1.47e-01	B+	
6721.1342	0.0050	20	5.15e+04	3.49e-04	B+	
6738.0320	0.0050	700	1.25e+06	2.55e-02	C+	
6759.5821	0.0050	150	1.60e+05	1.83e-03	B+	
6929.4672	0.0004	100000	1.74e+07	2.09e-01	B+	
7024.0500	0.0004	34000	1.89e+06	1.40e-02	B+	
7032.4128	0.0004	85000	2.66e+07	1.18e-01	B+	
7051.2922	0.0008	2200	2.38e+06	1.77e-02	C+	
7059.1079	0.0004	10000	7.46e+06	9.29e-02	B+	
7064.762	0.003	80	3.40e+04	4.24e-04	C	
7112.3075	0.0008	110	6.28e+05	1.43e-02	C+	
7138.5400	0.0011	55	2.20e+05	5.04e-03	C+	
7173.9380	0.0004	77000	2.87e+06	3.69e-02	B+	
7245.1665	0.0004	77000	1.01e+07	7.95e-02	B+	
7304.8422	0.0008	89	2.55e+05	6.12e-03	B+	
7438.8981	0.0004	60000	2.47e+06	6.15e-02	B+	
7472.4383	0.0004	3100	2.96e+06	2.48e-02	C+	
7488.8712	0.0004	32000	2.31e+07	3.24e-01	B+	
7535.7739	0.0004	28000	3.06e+07	2.60e-01	B+	
7544.0439	0.0004	13000	3.87e+07	1.10e-01	B	
7621.33	0.02	50				
